Results for PC_pub_verify - 90:
0.6938555
0.721583
0.6938219999999999
0.6936227499999998
0.6934055000000003
0.6940080000000002
0.6995145000000003
0.6931305000000005
0.6937030000000002
0.7088029999999996
0.6959545
0.692995250000001
0.7081767499999998
0.6991869999999984
0.7012802500000017
0.6945527500000015
0.6990992499999997
0.6939487500000006
0.69860875
0.6973859999999998
0.6970727500000002
0.6948734999999999
0.7202885000000006
0.7133752500000021
0.7029162499999977
0.6939740000000008
0.6967034999999981
0.6973795000000003
0.6967260000000017
0.6946404999999984
0.701599250000001
0.7260592500000023
0.7038452500000005
0.695059999999998
0.694038250000002
0.6947484999999993
0.7191189999999992
0.6941370000000013
0.6977772499999979
0.6963359999999987
0.7635617500000009
1.0610505000000003
1.0564415000000018
1.0528370000000038
1.03754
1.0476895000000042
1.0550309999999996
1.0275925000000043
1.0192002499999973
1.015740749999999
1.016247000000007
1.0171287500000048
1.0329037500000027
1.023994249999994
1.0164957500000043
1.0159040000000061
1.0161519999999982
1.0221842499999951
1.0154490000000038
1.037109000000008
1.0689755000000005
1.0389052499999991
1.0444737500000016
1.1502067500000024
1.0398942499999961
1.028339250000002
1.0327860000000015
1.0157887499999987
1.030015749999997
1.0351482499999989
1.0834827500000017
1.0243935000000022
1.016300000000001
1.0159717500000056
1.015952999999996
1.0160194999999987
1.0169884999999965
1.0158190000000076
1.0161885000000126
1.015981999999994
1.0160257499999972
1.0178792500000071
1.018852250000009
1.016249000000002
1.0160762499999976
1.0179224999999974
1.0222279999999984
1.1123754999999989
0.6939567499999981
0.6929745000000196
