Results for PC_pub_verify - 50:
0.69546375
0.6951644999999999
0.6943769999999998
0.6941397500000002
0.6942965000000001
0.7032022500000004
0.6942312499999996
0.6937967499999997
0.6938637500000002
0.6935612500000001
0.7498019999999999
0.7719974999999994
0.6933507500000005
0.6966597499999985
0.6955280000000013
0.6946627500000009
0.6945549999999994
0.694606499999999
0.6970692500000002
0.694647999999999
0.69481225
0.6950710000000004
0.6949084999999986
0.6948819999999998
0.6948894999999986
0.8216314999999987
0.7826452499999981
0.6947034999999993
0.7199152499999997
0.75442125
0.6947340000000004
0.694464
0.6952815000000001
0.694612750000001
0.7401044999999975
0.6947302500000028
0.6946897499999984
0.6955649999999984
0.6955709999999975
0.8383982500000009
0.8196437500000009
0.7610224999999993
0.761674750000001
0.7613960000000013
0.7656645000000033
0.7674552499999976
0.7612807499999974
1.3534699999999944
1.323893500000004
1.4055807499999986
