Results for PC_pub_verify - 80:
0.6984785
0.69939025
0.7000770000000001
0.7004867499999996
0.6980067500000002
0.7027325000000002
0.7020042500000008
0.6951130000000001
0.6952389999999999
0.7135489999999995
0.6958060000000001
0.694792249999999
0.6944955000000004
0.6958347500000013
0.69658175
0.6963600000000003
0.6962552500000001
0.7006422499999996
0.6960652500000002
0.6960939999999987
0.6963117499999996
0.6963792499999997
0.6962155000000028
0.6962159999999997
0.6964369999999995
0.7021727500000026
0.6983405000000005
0.7112005000000003
0.6963495000000002
0.7087265000000009
0.7031747500000023
0.6961602499999984
0.6961195000000018
0.7007597500000031
0.6962815000000013
0.7206989999999998
0.6970942499999992
0.7015689999999992
0.6979124999999975
0.698974500000002
0.7636514999999982
1.0440777500000031
1.044225749999999
1.0442827500000007
1.0448087500000014
1.046207250000002
1.0444352500000065
1.023787249999998
1.0230894999999975
1.0229137500000007
1.0231104999999943
1.023173749999998
1.0230125000000072
1.023011750000002
1.0318927499999972
1.0229225
1.023236500000003
1.0230462500000002
1.0234530000000035
1.0447707499999979
1.0593675000000076
1.0603399999999965
1.0509047500000008
1.1453055000000063
1.0232767499999937
1.0233575000000101
1.0241745000000009
1.0315899999999942
1.0268292499999987
1.0231284999999986
1.0260545000000008
1.0231017500000021
1.0239347500000022
1.0231362500000074
1.023476500000001
1.0230995000000078
1.0229229999999916
1.0225927500000012
1.022816249999991
1.0229170000000067
