Results for PC_pub_verify - 60:
0.6951395
0.69515575
0.6946900000000003
0.694518
0.6948082499999999
0.6948230000000004
0.6942327499999994
0.6944094999999999
0.6945770000000007
0.6941384999999993
0.6939165000000003
0.69475175
0.6941337500000007
0.6959185000000012
0.6972544999999997
0.7103712499999997
0.6956127500000004
0.6962414999999993
0.6961727499999988
0.6955187499999997
0.7024275000000006
0.7016930000000006
0.7343357499999996
0.7183842499999997
0.7132417500000017
0.710739499999999
0.7079977500000005
0.6997777500000026
0.6981405000000009
0.7001562499999991
0.7067917500000007
0.7015182499999995
0.6963877499999995
0.6991782500000028
0.6983037499999973
0.7067075000000003
0.6981280000000005
0.7024650000000001
0.7032760000000025
0.7669452499999991
0.7863442499999991
1.0453122500000056
1.0450390000000027
1.044633999999995
1.0564377500000006
1.045024749999996
1.0532467500000067
1.0226524999999995
1.0220364999999987
1.0217822500000011
1.0235382500000014
1.021684999999998
1.0281074999999973
1.0223957500000012
1.0226054999999974
1.0218632500000027
1.0237472499999996
1.0220177500000034
1.0462357500000081
1.0692982500000028
