Results for PC_pub_verify - 200:
0.72099975
0.7021332499999999
0.7135687500000001
0.7011819999999997
0.7008367500000001
0.7091647500000002
0.7008142500000005
0.7006217499999998
0.7004972499999997
0.7002347499999999
0.7004047499999997
0.7005464999999989
0.7001422500000007
0.7024094999999999
0.7016419999999997
0.7012637500000007
0.70105225
0.7016907499999991
0.70167
0.7016752499999992
0.7018302499999987
0.7217212499999999
0.7013642499999992
0.7180072499999994
0.7014592499999992
0.7018500000000003
0.7016472499999971
0.7016945000000021
0.7014972499999992
0.7020690000000016
0.7232190000000003
0.7069120000000026
0.7012274999999981
0.7046850000000013
0.7056594999999994
0.7049032499999974
0.7009025000000015
0.7023069999999976
0.7028512500000019
0.7971187500000028
0.8121467499999966
1.1499712500000001
1.1495834999999985
1.149039000000002
1.1492587500000013
1.1492832500000034
1.1495575000000073
1.117186249999996
1.1169707500000001
1.1169697500000026
1.1171442499999955
1.1173364999999933
1.1175059999999988
1.1275132499999998
1.119730000000004
1.1175289999999976
1.1195595000000012
1.1267309999999995
1.1316782500000002
1.1502199999999974
1.1535215000000036
1.1579162499999995
1.27614375000001
1.1276745000000048
1.119392000000012
1.1182562500000017
1.1194962499999974
1.1193054999999958
1.1476387499999987
1.1319419999999951
1.1287327499999975
1.117845250000002
1.1320127500000012
1.1319632499999983
1.1181570000000107
1.1182487499999922
1.118289500000003
1.1178645000000103
1.1179340000000053
1.119060250000004
1.1196972500000015
1.1183170000000047
1.119786750000003
1.1193797500000073
1.1223367500000023
1.1206525000000056
1.2400412499999902
0.700705499999998
0.7048204999999967
0.7018612500000074
0.702797249999989
0.703865499999992
0.700753000000006
0.702065250000004
0.7021304999999955
0.7083677500000078
0.7071704999999895
0.7031722499999944
0.7006530000000026
0.7007384999999999
0.701714999999993
0.7133742500000011
0.7028602500000005
0.7018307499999992
0.706906250000003
0.7011425000000031
0.700584500000005
0.7111742499999991
0.7011062500000094
0.7026690000000002
0.7036112500000087
0.7011240000000072
0.70299949999999
0.7008662500000042
0.7010834999999958
0.700605749999994
0.7142732499999909
0.7011924999999906
0.703046999999998
0.7027772499999969
0.7054650000000038
0.7012984999999929
0.7121502500000076
0.7008064999999988
0.7009517500000015
0.7007542500000028
0.7008242499999966
0.7010757500000011
0.7028527500000052
0.7006957499999942
0.7040184999999894
0.7229547499999995
0.7028200000000027
0.7020425000000046
0.7034095000000065
0.70181749999999
0.7014180000000039
0.7023145
0.7017505000000028
0.708203250000011
0.7010847499999926
0.7049489999999992
0.7050590000000057
0.7141782500000033
0.7009284999999892
0.7006377499999985
0.708059999999989
0.7041599999999875
0.7060714999999931
0.7085307499999942
0.7009092499999952
0.7106485000000049
0.7034694999999971
0.7071664999999996
0.7103322499999933
0.7132594999999924
0.7009994999999947
0.7020415000000071
0.7061017499999878
0.7023532500000158
0.7040502499999945
0.7069252499999834
0.7882570000000158
0.7015524999999911
0.7028235000000222
0.7899667499999907
0.7032054999999957
0.7045799999999929
0.701460499999996
0.8380622500000072
0.7014695000000017
0.7432447500000023
0.7016529999999932
0.7887194999999849
0.788755000000009
0.7549267500000099
0.7572102499999858
0.709017249999988
0.7070179999999766
0.7110945000000015
0.7016927500000065
0.7930329999999799
0.792403500000006
0.7013472499999693
0.7084912499999803
0.7931864999999902
0.7929850000000158
0.7322790000000055
0.7013587499999971
0.7937267500000189
0.7013232500000015
0.7082775000000083
0.7079165000000103
0.7154242500000123
0.701348749999994
0.7013045000000204
0.7012759999999787
0.7011120000000233
0.7076897500000143
0.7011297500000069
