Results for PC_pub_verify - 10:
0.6997132500000001
0.79723175
0.6995569999999998
0.7078875
0.72235425
0.7003262499999998
0.7219735000000007
0.6988705
0.8538134999999993
0.8320382500000001
Results for PC_pub_verify - 60:
0.69758325
0.7014370000000001
0.70429875
0.702706
0.6978787500000001
0.7061442499999999
0.6970057500000006
0.6969012499999998
0.699471
0.6966277500000002
0.6968300000000003
0.708199249999999
0.6966164999999993
0.6990612499999997
0.6987959999999998
0.6980997500000008
0.6978000000000009
0.6979957500000005
0.7028379999999999
0.698247499999999
0.6979415000000007
0.6982547500000003
0.6978452500000021
0.6979624999999992
0.6981554999999986
0.6985479999999988
0.6979879999999987
0.7011780000000023
0.7036137499999988
0.6980477500000006
0.6975427500000002
0.6978679999999997
0.6985972500000024
0.697733000000003
0.7067392499999983
0.6976595000000003
0.6975552499999971
0.7010172500000031
0.6997207500000009
0.6997575000000005
0.7482645000000012
0.6979602499999977
0.6982254999999995
0.6981987499999995
0.6981457500000019
0.6983010000000007
0.6982017500000026
0.6982975000000025
0.6978687499999978
0.6976749999999967
0.6977742499999948
0.6974652500000005
0.6977217499999995
0.6977015000000009
0.7031332500000005
0.697667249999995
0.6987617499999956
0.6977465000000009
0.6977219999999988
0.698106249999995
