Results for PC_pub_verify - 50:
0.6957945000000001
0.6952240000000001
0.69496475
0.6944922500000001
0.6944742499999998
0.6949587500000001
0.6942727499999997
0.6949789999999991
0.6952367500000012
0.6942935000000006
0.6941822499999999
0.69397325
0.6981695000000006
0.6948939999999997
0.6955652499999996
0.6956957500000005
0.6949552499999996
0.6950749999999992
0.7003712499999999
0.6945372499999998
0.6950047500000007
0.6949317499999985
0.6948760000000007
0.6948502499999982
0.6948137500000016
0.694790249999997
0.6948897500000015
0.7029980000000009
0.697254749999999
0.6961007500000029
0.6950132499999988
0.6947229999999998
0.6947170000000007
0.6949274999999986
0.6950839999999978
0.694810750000002
0.6944160000000004
0.6951929999999997
0.7030557500000008
0.7036455000000004
0.7659329999999969
1.324676499999999
1.3219507499999992
1.356569499999999
1.3340807499999983
1.3218260000000015
1.362041750000003
1.3812844999999996
1.322147749999992
1.3228514999999916
