Results for PC_pub_verify - 80:
0.6971790000000001
0.6969850000000002
0.6963692499999998
0.6972635
0.6966540000000001
0.6967270000000001
0.6961010000000005
0.6962915000000001
0.6964852500000003
0.6958990000000007
0.6962932500000001
0.7062087499999992
0.6938259999999996
0.6979004999999994
0.6963995000000001
0.6958832499999996
0.6980684999999998
0.6973352499999983
0.6965409999999999
0.69852925
0.69774125
0.6974504999999986
0.6974892500000003
0.6977672500000018
0.6977097500000013
0.7029637500000021
0.707764000000001
0.6979302500000024
0.6982314999999986
0.7052310000000013
0.701003
0.6974412499999971
0.702353500000001
0.6976399999999998
0.7037232499999995
0.6976922499999993
0.7008797499999986
0.6987837500000005
0.6995619999999967
0.7668077499999981
0.765485500000004
1.0403899999999986
1.0744235000000018
1.0688687500000036
1.0414467499999986
1.0405682499999998
1.0418285000000012
1.0193975000000037
1.019594750000003
1.0220205000000036
1.0196494999999999
1.0225240000000042
1.0221089999999933
1.023821500000004
1.078271750000006
1.022115999999997
1.023364000000008
1.0248022500000005
1.025503250000007
1.047776749999997
1.0658462499999999
1.058952749999996
1.1460407500000045
1.0330017499999968
1.0204742500000066
1.0204697499999966
1.0215910000000008
1.0287215000000032
1.0548807500000024
1.0370722499999943
1.029907999999999
1.0451262500000027
1.031441749999999
1.0319682499999985
1.0321202500000055
1.0317597500000062
1.0319132500000023
1.0308317499999902
1.0208637499999895
1.0328577500000051
