Results for PC_pub_verify - 50:
0.69479
0.6941617499999999
0.6946804999999998
0.6942137499999999
0.6944552500000003
0.6942845000000002
0.6940862499999998
0.6939779999999995
0.6942997499999999
0.6936572500000002
0.6937622499999998
0.6935687499999998
0.6935514999999999
0.6956550000000004
0.6950452499999997
0.6942422500000003
0.6939280000000014
0.6939942500000011
0.6940689999999989
0.6941594999999996
0.6949129999999997
0.6946539999999999
0.6942915000000003
0.6942627500000018
0.6950162500000019
0.6942482500000011
0.6943292499999991
0.6943715000000026
0.6941927499999991
0.6942780000000006
0.7008907499999992
0.6943420000000025
0.6941422499999987
0.6943012499999988
0.6950087499999995
0.6942747500000017
0.6944449999999982
0.6962939999999982
0.7214109999999998
0.7245109999999961
0.7369217499999969
0.7799014999999976
0.7627107500000001
0.7709530000000022
0.7603982499999979
0.7613434999999988
0.7607637500000024
1.319978000000006
1.3198542499999988
1.3219297500000025
