Results for PC_pub_verify - 50:
0.69469225
0.6936319999999999
0.7094695
0.6942284999999999
0.6931550000000004
0.6936677499999999
0.6948594999999997
0.6926787499999998
0.6928640000000001
0.6921895000000005
0.6923732499999993
0.6923687500000009
0.6938680000000002
0.6952905000000005
0.694604
0.6948045
0.7073405000000008
0.8414127499999999
0.6965714999999992
0.7135812500000007
0.6937602500000004
0.693683
0.7031872499999992
0.6934702500000007
0.8506450000000001
0.841069000000001
0.6936755000000012
0.6934372499999988
0.8507407499999999
0.84139725
0.6934107499999982
0.6932312500000002
0.8505422499999966
0.8502380000000009
0.6930272500000001
0.7027549999999998
0.6963274999999989
0.7010134999999984
0.7127979999999994
0.6951287499999985
0.7641182499999992
1.4292247499999995
1.4381437499999983
1.3289289999999951
1.4430457500000031
1.314433000000001
1.3234080000000006
1.3198182499999973
1.315041749999999
1.3129450000000062
