Results for PC_pub_verify - 100:
0.6956835
0.6952722500000001
0.6961100000000005
0.6953357499999999
0.7157222500000002
0.6953482499999994
0.6964144999999995
0.7046085
0.7297420000000008
0.6947049999999999
0.7145814999999995
0.7258587499999996
0.692350750000001
0.6983852500000012
0.6972250000000013
0.6998700000000007
0.6961587499999986
0.6948799999999995
0.6964992500000005
0.6959429999999998
0.7009915000000007
0.6970417500000003
0.6956307500000012
0.6959677500000012
0.7004792500000008
0.7075864999999979
0.6975069999999981
0.7157137500000026
0.6960542500000031
0.6938617499999999
0.7012795000000018
0.7069209999999977
0.6955665000000018
0.6972642499999999
0.6955762499999985
0.704471250000001
0.6980029999999999
0.7000829999999993
0.7041354999999996
0.7190317499999992
0.7316500000000019
0.7667770000000012
0.7640627500000008
0.7648267499999974
0.7628425000000014
0.7644267499999948
0.7627239999999986
1.3254175000000004
1.3491807500000021
1.3245012500000044
1.359835000000004
1.3357549999999918
1.3263674999999964
1.355662500000001
1.3261085000000037
1.3512492500000093
1.3426954999999978
1.3539367500000026
1.3493655000000047
0.7633620000000079
0.8320122499999982
0.7746452500000061
0.7721992499999999
1.3313922500000004
1.3389872500000095
1.3261612499999913
1.3309884999999966
1.3301865000000035
1.3293947500000058
1.331655000000005
1.325146249999996
1.3252714999999995
1.325572749999992
1.3333305000000024
1.340448749999993
1.3252757499999888
1.3329607500000122
1.325238749999997
1.3246887499999929
1.3247089999999986
1.3250967500000002
1.3353574999999864
1.3254764999999935
1.325364499999992
1.333902749999993
1.3294092499999977
1.518390249999996
0.6951782499999979
0.6951087500000028
0.6953752500000121
0.7002289999999931
0.694773749999996
0.6951324999999997
0.694980000000001
0.6951152500000006
0.6960490000000021
0.6961367499999938
0.6949087499999962
0.6951155
0.6953962500000017
