Results for PC_pub_verify - 70:
0.861579
0.79738275
0.7311670000000003
0.6931297499999998
0.7274295000000004
0.7500580000000001
0.7293064999999999
0.9418049999999996
0.8260300000000003
0.8275027500000007
0.6925727500000001
0.9542885000000005
0.6968957499999995
0.6933647500000006
0.6941802500000005
0.694782
0.7108352500000006
0.6945729999999983
0.6954477500000014
0.8413530000000016
0.6955344999999991
0.6937352499999996
0.6945007499999996
0.6937162499999978
0.701873250000002
0.6936019999999985
0.6936847499999992
0.6938477499999998
0.7286390000000011
0.6937447500000005
0.6933340000000001
0.6934662500000002
0.693534249999999
0.6938287500000015
0.7013439999999989
0.7113445000000027
0.6954252499999996
0.6937127499999995
0.6949499999999986
0.7279797499999994
0.7747532499999998
1.0564782500000014
1.060703250000003
1.0563762499999996
1.0664402499999994
1.0561474999999945
1.1141647499999934
1.035203249999995
1.030095750000008
1.1572087499999952
1.1538072499999998
1.0611707500000023
1.0926045000000002
1.0302009999999981
1.1421534999999992
1.0301117500000032
1.0300982500000018
1.0303927499999972
1.0301019999999994
1.0561637500000032
1.0564432499999938
1.0586547499999952
1.0630264999999994
1.1560915000000023
1.16615075
1.0303362500000048
1.030288750000004
1.1250707500000061
1.1028907500000003
1.0298879999999997
