Results for PC_pub_verify - 50:
0.69399175
0.6934429999999999
0.6927350000000001
0.6925584999999996
0.7049397499999999
0.6932975000000008
0.702337
0.6925210000000002
0.7063724999999996
0.6920839999999995
0.6920155000000001
0.7312892499999997
0.7405442499999992
0.7340169999999997
0.6937752499999998
0.746734
0.7819432500000012
0.6930364999999998
0.6933955000000012
0.6933805
0.7151125
0.7086889999999997
0.7029814999999999
0.711310000000001
0.7058859999999996
0.6930195000000019
0.7100420000000014
0.7098527499999996
0.709106000000002
0.7827132500000005
0.732532250000002
0.7029664999999987
0.696788999999999
0.693090999999999
0.6950985000000003
0.693374249999998
0.694075999999999
0.6936192500000011
0.6947002500000004
0.7025812500000015
0.7566927499999991
1.320537999999999
1.3237242500000015
1.3202217499999982
1.3201047499999987
1.320172499999991
1.321776249999992
1.3205680000000015
1.3210167499999983
1.3222682500000005
