Results for PC_pub_verify - 200:
0.701314
0.6981955000000001
0.7047377500000003
0.6991687499999997
0.7103719999999996
0.7113140000000002
0.71328075
0.6974955000000005
0.6989492499999992
0.6990617500000003
0.6992155000000002
0.7034037499999988
0.69801
0.6998789999999993
0.7025094999999997
0.7179197500000001
0.6978557499999987
0.6986652499999995
0.6977559999999983
0.69748375
0.6979875
0.698128500000001
0.6981742499999992
0.6979512499999991
0.6983317500000013
0.6981089999999988
0.6979389999999981
0.6978159999999995
0.700634749999999
0.6988742500000029
0.6977752499999994
0.6977072500000006
0.6978025000000017
0.7122310000000027
0.6976817499999974
0.6979249999999979
0.6979520000000008
0.6999655000000011
0.7166367499999993
0.7001807500000012
0.7305139999999994
0.7635212500000002
0.7638484999999982
0.7645037500000029
0.7638779999999983
0.7649274999999989
0.7759702500000003
1.3238329999999934
1.3243459999999914
1.3243632500000047
1.3245805000000033
1.3246197499999965
1.3242414999999923
1.3253077500000003
1.3245879999999985
1.3244979999999984
1.3269755000000032
1.3261359999999982
1.3251082499999995
0.7683127499999998
0.7761142499999991
0.7723142500000009
0.7748537499999983
0.7709702499999977
1.3268457499999968
1.3248662499999995
1.3240489999999951
1.3257247499999991
1.3459270000000032
1.3241627500000064
1.3244087499999964
1.3296142499999988
1.3502147500000063
1.3301925000000097
1.3387685000000005
1.3394387500000136
1.3442722499999888
1.3622529999999955
1.3511594999999943
1.3463397500000127
1.323258249999995
1.3232635000000101
1.323078499999994
1.322886249999982
1.3229992499999952
1.3310139999999961
1.3274485000000027
1.5353434999999962
0.6977040000000017
0.6967954999999932
0.6970330000000047
0.6986057500000129
0.6973047500000007
0.6974372500000072
0.6979987499999964
0.6984427499999981
0.6984427499999981
0.6970732500000025
0.697958749999998
0.697465500000007
0.6984824999999972
0.6974342500000006
0.6978105000000028
0.6970997499999925
0.6973689999999948
0.6972515000000072
0.6979469999999992
0.7069787500000047
0.7025932499999925
0.6977537499999897
0.698516749999996
0.6980272499999955
0.6991117500000001
0.7083850000000069
0.6999364999999926
0.6973850000000112
0.6978950000000026
0.6988564999999909
0.6972577500000057
0.7397082500000067
0.731669999999994
0.6973127500000089
0.6980319999999978
0.7104360000000014
0.6971667499999938
0.6970469999999978
0.6971517500000033
0.701623749999996
0.6975874999999974
0.6976692499999899
0.698921999999996
0.6972839999999962
0.6973514999999963
0.697334749999996
0.6986854999999963
0.6983802499999996
0.6976237499999911
0.6973780000000005
0.697262749999993
0.6975142499999976
0.6971107500000073
0.7028670000000119
0.7095860000000016
0.6989104999999967
0.6985912499999927
0.6998627500000083
0.705938500000002
0.6970665000000054
0.6984534999999994
0.6972999999999843
0.6976009999999917
0.7346377499999903
0.7261767500000076
0.7106672500000002
0.7332532500000184
0.7485719999999958
0.6975257500000112
0.6994067500000085
0.7038267500000188
0.7090284999999881
0.7034807500000113
0.6969780000000014
0.6984727499999792
0.6973284999999976
0.6979197499999827
0.6991799999999841
0.7072325000000035
0.6985362499999894
0.7030012499999998
0.6973237500000096
0.6977515000000096
0.6972729999999956
0.7107040000000211
0.6983564999999885
0.7067612499999996
0.6970197500000097
0.6973332499999856
0.7067404999999951
0.747427000000016
0.7566857499999742
0.7062667499999975
0.7576822500000162
0.6983097499999928
0.6981339999999818
0.6973527499999932
0.7004589999999951
0.7036482499999863
0.7120759999999962
0.7166137499999934
0.7097227499999974
0.6974227500000154
0.6989452500000084
0.6972475000000031
0.6970902500000022
0.7014052499999934
0.697427250000004
0.6995297500000106
0.6986287500000117
0.6973327499999868
0.6972069999999917
