Results for PC_pub_verify - 100:
0.75930975
0.7340187499999998
0.7545010000000001
0.7491807499999998
0.7468807499999999
0.6964072500000005
0.6954252500000004
0.69539025
0.6956529999999992
0.6950522500000007
0.6953340000000008
0.6952277499999999
0.6929057499999995
0.69612725
0.7060932500000003
0.6957205000000002
0.6970709999999993
0.6963907499999991
0.6945077499999996
0.6971215000000015
0.6963299999999997
0.695872249999999
0.7119335000000007
0.6965469999999989
0.6963907500000026
0.6977927499999979
0.6964260000000024
0.6964242499999997
0.6959732500000015
0.6968945000000026
0.7039092500000024
0.6975625000000001
0.7365094999999968
0.7286394999999999
0.6957945000000016
0.6960757499999985
0.7791250000000005
0.7483587500000013
0.6972417499999999
0.7868192500000006
0.7279332499999995
0.7608727500000043
0.7607547500000003
0.7607980000000012
0.7718007500000041
0.760464749999997
0.797558500000001
1.3877977499999972
1.4263205000000099
1.3251194999999996
1.3252379999999988
1.3275522499999965
1.3499319999999955
1.3496967499999997
1.3386165000000005
1.4414122500000062
1.324768749999997
1.325470750000001
1.3251447500000069
0.7607235000000045
0.7607200000000063
0.7641242500000018
0.771536999999995
0.7680534999999935
1.332453000000001
1.3250132499999978
1.3249197499999994
1.3246005000000025
1.3314332500000035
1.3256172500000005
1.3278820000000024
1.3258599999999916
1.3244552499999998
1.344596750000008
1.3250329999999906
1.3246897500000046
1.3244200000000035
1.324865250000002
1.3250482499999947
1.3245475000000084
1.3244585000000058
1.3243065000000058
1.325474749999998
1.3250929999999954
1.3244822500000026
1.3278339999999957
1.3289817500000112
1.5211982499999976
0.7033987500000052
0.6960542500000031
0.6957862499999976
0.695972249999997
0.6959875000000011
0.7760307499999897
0.7573902500000003
0.697258000000005
0.6968664999999987
0.69638024999999
0.7037465000000083
0.6962612500000063
