Results for PC_pub_verify - 70:
0.6963195
0.6959244999999998
0.6970810000000001
0.6955020000000003
0.7411494999999997
0.6958147499999998
0.7127817500000004
0.70735875
0.6952397499999998
0.6956065000000002
0.6950209999999997
0.694962499999999
0.6946742500000003
0.6967204999999996
0.7450990000000015
0.8277517500000009
0.6994377499999995
0.6957144999999976
0.7458112500000009
0.6955127500000007
0.7077375000000004
0.7006674999999998
0.809647
0.7025482499999995
0.6968299999999985
0.69589225
0.7186345000000003
0.701417499999998
0.7659139999999987
0.6953877500000019
0.8205107500000004
0.6953844999999994
0.695487
0.8811627500000014
0.7146237499999977
0.773557499999999
0.7683577499999998
0.7092062500000011
0.7234955000000021
0.8480605000000025
0.7328949999999992
0.7630167499999985
0.7632820000000002
0.7632224999999941
0.7629939999999991
0.7629909999999924
0.7632169999999974
1.3208742500000028
1.3205865000000045
1.330874999999999
1.3689740000000015
1.3862674999999953
1.376649250000007
1.3686257499999996
1.329285249999998
1.4226804999999985
1.3269207499999993
1.3203827499999932
1.3748947499999886
0.8257284999999968
0.776929999999993
0.7792104999999978
0.7706922499999962
1.3194355000000044
1.3976579999999998
1.3486274999999992
1.3374795000000006
1.3357502500000038
1.3371377500000037
1.3859497500000018
