Results for PC_pub_verify - 90:
0.69367275
0.71116375
0.6936382499999998
0.7026865
0.6932594999999999
0.6937535000000001
0.6931605000000003
0.6934849999999999
0.6942145000000002
0.6933627499999995
0.69305825
0.6927245000000006
0.7045772499999998
0.6947215
0.6946462499999999
0.696533500000001
0.6946124999999999
0.694635250000001
0.6968352499999995
0.6937447500000005
0.695977000000001
0.6972280000000008
0.6947950000000009
0.6945092499999994
0.6944392500000021
0.6936782500000014
0.6936520000000002
0.6937749999999987
0.6944485
0.6945615000000025
0.6941625000000009
0.6941795000000006
0.7042067500000009
0.6935574999999972
0.693703499999998
0.7087975000000029
0.6946644999999982
0.695614250000002
0.6959132500000003
0.7576275000000017
0.7630200000000009
1.0388059999999975
1.0387720000000016
1.03893725
1.0388895000000034
1.0386434999999992
1.0457904999999954
1.0206899999999948
1.0163592500000078
1.0247932499999948
1.0173729999999992
1.016908749999999
1.039860499999996
1.0165627499999985
1.015907250000005
1.0314862499999933
1.061054999999996
1.0187292499999998
1.032021499999999
1.0958662500000003
1.0394494999999964
1.0437922499999956
1.1436514999999972
1.0518902499999996
1.0385599999999968
1.0331860000000006
1.0166437500000072
1.017945999999995
1.0178007499999993
1.0164192499999984
1.0318002500000034
1.0172409999999985
1.016929250000004
1.016832000000008
1.0159120000000001
1.0160532499999988
1.016085750000002
1.0166637499999922
1.0169932499999987
1.0218082500000065
1.0190542499999964
1.0161012500000055
1.0171717499999886
1.0159757499999955
1.0184624999999983
1.0196414999999917
1.113248249999998
0.6936557500000049
0.6928197499999982
0.6928852500000033
