Results for SA_pub_verify - 50:
0.6968177499999999
0.6959075000000001
0.6958142500000002
0.69567325
0.695757
0.6958185000000001
0.6962047499999997
0.69625425
0.7160510000000002
0.7011212499999999
0.6960242499999998
0.6958729999999997
0.6958437499999999
0.6960620000000013
0.69695675
0.6966844999999999
0.6977442499999995
0.6969835
0.6961724999999994
0.69575575
0.7003087499999996
0.6955555000000011
0.6954674999999977
0.6956667499999973
0.6957185000000017
0.695859500000001
0.6955432500000001
0.6955872500000027
0.6958035000000002
0.6981492500000002
0.6956235
0.7035320000000027
0.6956397500000016
0.6961122499999988
0.6961932500000003
0.6970737500000013
0.7191312500000002
0.6959832500000012
0.6975817499999977
0.6967554999999983
0.6980059999999995
0.6973999999999982
0.6995477500000007
0.7098055000000016
0.6971619999999987
0.6992994999999986
0.6961129999999969
0.6962094999999948
0.7007357499999998
0.6961307500000018
Results for SA_pub_verify - 50:
0.705989
0.7086822499999998
0.7088537500000001
0.7081999999999997
0.70662425
0.7100157500000006
0.708714249999999
0.7069584999999998
0.6980034999999996
0.6997972499999996
0.699681
0.7169455000000005
0.7097830000000016
0.7088212499999997
0.7077229999999997
0.6987200000000016
0.6996192500000014
0.6996684999999996
0.7092194999999997
0.7096645000000006
0.7081409999999995
0.7062179999999998
0.6975999999999978
0.6995922499999985
0.6994070000000008
0.7090652500000019
0.7098597499999997
0.7081962500000003
0.7066517499999989
0.6979917499999999
0.6997475000000009
0.6995675000000006
0.7092677499999986
0.7099712499999988
0.7084064999999988
0.7063245000000009
0.6978462499999978
0.6998422499999997
0.7007304999999988
0.7101860000000002
0.7099337499999976
0.7089577499999997
0.706756249999998
0.6984617499999999
0.7004212500000015
0.6999615000000006
0.7098730000000018
0.7102780000000024
0.7180017499999991
0.7250609999999966
