112.17683999999998
129.31763999999998
102.94080000000001
126.18708000000001
115.30940000000001
138.44079999999997
108.33811999999999
131.91940000000002
112.40924000000003
101.50372
146.77784
126.81383999999998
121.82132000000001
109.51076
122.88215999999998
112.75604
119.04816
122.29096
132.58580000000003
136.21096
122.86912000000001
109.71448000000001
126.42368
115.29004
114.86376
140.81848
148.6738
114.99799999999999
144.11043999999998
136.89744000000002
114.70739999999999
120.58636
116.48503999999998
111.03071999999999
126.71312000000002
108.65704
126.88040000000001
101.11672
151.92476
136.23723999999999
125.50768000000001
125.75228
135.4224
129.70192
103.74368000000001
122.32572000000002
125.52463999999999
126.10524000000001
126.73812000000001
122.93203999999999
