0.016887665000000003
0.016477515
0.016603370000000003
0.016654545
0.020141564999999997
0.01634665
0.016869005
0.016465525
0.016974399999999997
0.016943785
0.017620125
0.017511555
0.016963970000000002
0.01660998
0.016675835
0.017201644999999998
0.016488365
0.016612825
0.017306755000000004
0.01660775
0.01657784
0.01702847
0.017003815
0.016342890000000002
0.016790795
0.016526625
0.016682265
0.018103785
0.016793549999999997
0.018052115
0.01689063
0.016677025
0.016749715000000005
0.017658845
0.016517104999999997
0.017052539999999998
0.017615724999999995
0.016948
0.017981265
0.016770495
0.01754269
0.01693538
0.017437044999999998
0.016831095
0.01796809
0.017041295
0.017013979999999998
0.016606825
0.016354425
0.01653309
