0.049249883333333334
0.049884849999999994
0.04906908333333334
0.05063453333333332
0.048620283333333326
0.04841046666666667
0.051579933333333335
0.048654499999999996
0.048813166666666664
0.04865608333333333
0.04758831666666667
0.04847006666666666
0.050968183333333326
0.04892435
0.058934716666666664
0.04927058333333333
0.05321958333333334
0.04932616666666667
0.04915231666666667
0.05045838333333333
0.04821581666666666
0.04854963333333334
0.05243826666666667
0.04796508333333334
0.048381216666666664
0.05143038333333332
0.04908869999999999
0.04889833333333334
0.04919406666666667
0.05029805
0.04928213333333333
0.04980548333333334
0.04853781666666667
0.05204938333333334
0.049240099999999995
0.04854669999999999
0.052879383333333335
0.04849486666666667
0.0514872
0.05030931666666666
0.049176533333333335
0.04993566666666667
0.048146166666666664
0.055566383333333344
0.0500108
0.048314499999999996
0.049913316666666666
0.0482641
0.05005193333333334
0.0485918
