0.019226625
0.019144005
0.01936411
0.01897417
0.021514155
0.01988929
0.020152125
0.019962505000000002
0.019053935
0.02219954
0.021458655
0.019385655
0.019040084999999998
0.018749665
0.019886565
0.018823859999999998
0.01946106
0.021774715
0.018938130000000004
0.01917306
0.01912217
0.018937594999999998
0.01959976
0.019157545
0.020890335000000003
0.019037055
0.020680084999999997
0.019259725
0.01894079
0.019613995
0.020030794999999997
0.019289545
0.020511784999999998
0.01917934
0.018817789999999997
0.022252650000000002
0.021213489999999998
0.01902584
0.01915103
0.018746899999999997
0.019317880000000003
0.019528530000000002
0.018849095000000003
0.022163489999999997
0.02270283
0.018732565000000003
0.019229760000000002
0.018885065
0.019137365
0.019103739999999998
