3.0365339999999996
3.397474
3.0706350000000002
3.069531
3.04525
3.047127
3.197802
3.053713
3.2219450000000003
3.0475519999999996
3.070132
3.0662900000000004
3.0750040000000003
3.050618
3.057411
3.0579
3.0481939999999996
3.053054
3.047175
3.048804
3.059504
3.0461399999999994
3.091941
3.0503270000000002
3.044515
3.137168
3.104135
3.0520569999999996
3.051413
3.0479589999999996
3.054072
3.04216
3.0476559999999995
3.0472330000000003
3.053403
3.2573480000000004
3.0564549999999997
3.0598300000000003
3.061952
3.0519769999999995
3.099319
3.048992
3.2991689999999996
3.185298
3.119335
3.054555
3.05958
3.059928
3.06525
3.1749709999999998
