3.1520300000000003
3.376033
3.137995
3.1387389999999997
3.1408720000000003
3.135665
3.144234
3.1360550000000003
3.141457
3.2367890000000004
3.254054
3.143932
3.139948
3.1422600000000003
3.150492
3.1761729999999995
3.141229
3.213597
3.1354710000000003
3.139359
3.13877
3.1432070000000003
3.1445700000000003
3.147716
3.144284
3.145915
3.1385250000000005
3.286429
3.2984280000000004
3.148686
3.141679
3.1407610000000004
3.241769
3.136637
3.135137
3.255775
3.140761
3.522285
3.133794
3.151732
3.149129
3.148071
3.147861
3.239927
3.1394930000000003
3.20628
3.148012
3.1358520000000003
3.275925
3.1385569999999996
