0.06971655
0.070312875
0.0682782
0.06939124999999999
0.07004049999999999
0.0696841
0.071116675
0.068427
0.0682262
0.07140344999999998
0.073382
0.069353025
0.0703878
0.06906034999999999
0.06898435
0.07057290000000001
0.06816707499999998
0.069492525
0.06962009999999999
0.07008307499999998
0.06957759999999999
0.074801725
0.068489625
0.06941987499999999
0.07107494999999998
0.06945192499999998
0.07058275000000001
0.0721963
0.07036229999999999
0.0710983
0.069344025
0.06949962500000001
0.06977159999999999
0.0709241
0.07022395
0.069163475
0.069460975
0.06920987499999999
0.06998465
0.07042575000000001
0.07143412500000001
0.07154015000000001
0.07106440000000001
0.075290125
0.06930385
0.0701754
0.071487275
0.074365725
0.070851075
0.06902447499999999
