1.3193466666666667
1.3210866666666665
1.315571
1.3168656666666667
1.3293666666666668
1.314737
1.325206
1.3258313333333334
1.341014666666667
1.3362566666666669
1.312173
1.3165399999999998
1.3327923333333331
1.3156999999999999
1.3157403333333333
1.316531
1.3177273333333333
1.312781
1.3316409999999999
1.379087666666667
1.3151883333333332
1.3225379999999998
1.3197776666666665
1.353304666666667
1.3204179999999999
1.3687513333333332
1.3308060000000002
1.323000666666667
1.310511
1.320884333333333
1.3315973333333333
1.3520790000000003
1.3137526666666666
1.3924359999999998
1.348174
1.3307383333333334
1.4021303333333333
1.3168113333333333
1.317595
1.3114663333333332
1.3675076666666668
1.317615
1.322758
1.3133713333333334
1.321805
1.3143106666666666
1.3124413333333333
1.3592266666666666
1.312651
1.3246013333333335
