0.7172
0.72545
0.72316225
0.72309725
0.7258497500000001
0.7214677500000001
0.71610625
0.71725125
0.7211937500000001
0.73532325
0.7216569999999999
0.7409519999999999
0.716344
0.71582975
0.7399159999999999
0.7159615
0.71986175
0.7191527499999999
0.71940525
0.71707875
0.7251477500000001
0.71419075
0.740537
0.7495335000000001
0.7151385
0.77440525
0.717488
0.72253875
0.7216502499999999
0.7772895000000001
0.716049
0.7156505
0.724248
0.7867452500000001
0.7170095
0.72838275
0.71845875
0.7244247500000001
0.71989425
0.71566075
0.7156519999999998
0.7148135
0.7530717499999999
0.7219752500000001
0.77601775
0.7192557500000001
0.7214287500000001
0.71983875
0.76855375
0.7191517499999999
