0.02078172
0.020221919999999997
0.019561639999999998
0.019365655
0.019079469999999998
0.020254344999999997
0.020001875000000002
0.01914407
0.021376805000000002
0.019849439999999996
0.020754199999999997
0.01865481
0.018941765
0.019107730000000003
0.0191643
0.019047654999999997
0.01941986
0.018935789999999997
0.019055675
0.02031012
0.019921145
0.01897655
0.019589605
0.02194633
0.018967925
0.01895194
0.020264849999999997
0.021993519999999996
0.02109562
0.019648495000000002
0.020192675000000004
0.019899049999999998
0.01992572
0.01856282
0.02191529
0.019459995
0.020131259999999998
0.018792005
0.02177526
0.019090465
0.019024794999999997
0.019118089999999997
0.01908456
0.020955420000000002
0.018986585
0.021955455
0.019715604999999997
0.0187662
0.02016354
0.019365755000000002
