0.04989378333333334
0.05099371666666666
0.05213111666666667
0.05064016666666667
0.05173426666666666
0.051520533333333327
0.05042014999999999
0.051208116666666664
0.05108636666666667
0.05038271666666667
0.05103188333333334
0.05189205000000001
0.0504898
0.05117263333333334
0.05089161666666667
0.05058466666666667
0.05087866666666666
0.05108408333333333
0.05243521666666666
0.051351633333333334
0.04977168333333333
0.05081898333333333
0.052379999999999996
0.05102991666666667
0.05091211666666666
0.052730149999999996
0.05082416666666667
0.05075206666666666
0.054094166666666665
0.051264116666666665
0.0506169
0.05093413333333334
0.050246299999999994
0.05094573333333333
0.051103866666666664
0.050256600000000005
0.05087453333333333
0.051750399999999995
0.05024508333333333
0.053262733333333326
0.05086788333333332
0.054565083333333333
0.05047668333333333
0.050989316666666666
0.05094128333333334
0.0507824
0.050729
0.05161595
0.051666533333333334
0.050153949999999996
