3.1524140000000003
3.165009
3.15203
3.151486
3.155037
3.1551700000000005
3.1583479999999997
3.414455
3.1582000000000003
3.328017
3.213973
3.160363
3.322914
3.408422
3.161913
3.165883
3.1632119999999997
3.315946
3.154759
3.3207039999999997
3.158331
3.876783
3.152314
3.1564189999999996
3.459432
3.152616
3.2870809999999997
3.15821
3.147703
3.1612630000000004
3.226336
3.166739
3.2488969999999995
3.4569639999999997
3.718268
3.1527969999999996
3.321663
3.2198359999999995
3.161028
3.169706
3.385016
3.1459289999999998
3.1729130000000003
3.199712
3.176168
3.164316
3.157733
3.1946760000000003
3.167288
3.2647299999999997
