0.0704012
0.06899755
0.07046267499999999
0.0697989
0.068632
0.06946909999999999
0.078724
0.06969845
0.06944935
0.069366775
0.06952797499999999
0.069063075
0.07014269999999999
0.07000204999999998
0.07110404999999999
0.07128232500000001
0.07469567499999999
0.0716078
0.06901834999999999
0.06995682500000001
0.071822225
0.0697243
0.07427417500000001
0.07460117499999999
0.069502
0.06957065000000001
0.0716786
0.0711643
0.07127869999999999
0.0703182
0.0694167
0.0702379
0.07036315
0.069778675
0.07264605
0.06988052499999999
0.073043625
0.07444785000000001
0.06965929999999998
0.070043
0.070808675
0.06984935
0.073264125
0.070321075
0.07783172499999999
0.070554875
0.069441075
0.06951995
0.074580325
0.068272275
