102.0488
126.07100000000001
116.40568
116.43951999999999
111.90608
120.35892000000003
135.07008000000002
121.36899999999999
94.87056000000001
154.12504
108.85812
127.80988000000002
157.66200000000003
122.13604000000001
104.81024000000001
104.14016
125.01599999999999
118.59956000000001
123.60856000000001
129.81436000000002
160.72092
148.27776
135.75644
138.02375999999998
103.82968
131.80684000000002
119.70712
123.60612
135.1898
130.63192
109.95707999999999
131.4094
122.54052
105.1768
125.56392
128.6866
133.02607999999998
123.45771999999998
123.13676000000001
121.90727999999999
111.6394
99.82275999999999
113.04272000000002
155.54812
110.32936000000001
135.39968
134.88368
115.66903999999998
115.53096
96.75292
