0.7275065
0.71161525
0.7136459999999999
0.7123075
0.7112782499999999
0.71135925
0.7119024999999999
0.7129395
0.7097815
0.7107160000000001
0.71948075
0.73042975
0.803568
0.70989475
0.7101467499999999
0.7206035
0.720001
0.7150705
0.7297665000000001
0.7159947500000001
0.8557895
0.7477167499999999
0.71565825
0.714706
0.73149925
0.73545125
0.70988325
0.7210509999999999
0.7116167499999999
0.7163865
0.773597
0.7123117499999999
0.7107795
0.712711
0.7110662500000001
0.7833415
0.7152117499999999
0.71143325
0.73411575
0.7111284999999999
0.71595175
0.7711352499999999
0.7103054999999999
0.85979575
0.7176619999999999
0.7490585000000001
0.7140690000000001
0.7158827499999999
0.7294845
0.717106
