0.01929168
0.019291985
0.020806215000000003
0.019524044999999997
0.020171215
0.019357855
0.021679239999999995
0.020300075
0.0190309
0.021681895
0.019538365
0.020875329999999994
0.020918215
0.01905567
0.019021279999999998
0.019684999999999998
0.019290259999999997
0.019934585
0.019459755
0.019666245000000002
0.020130715
0.02046957
0.020908014999999995
0.020326684999999997
0.019263535000000002
0.020829635
0.020955655000000004
0.019696619999999998
0.019079175
0.019273895000000003
0.019209015
0.019119254999999998
0.01984004
0.019986759999999996
0.022386859999999998
0.01932846
0.01950025
0.024417405
0.022332035
0.019506179999999998
0.019270449999999998
0.01908256
0.01923004
0.01966924
0.0191812
0.01911124
0.02003837
0.019146265
0.019340965
0.01891388
