0.016486980000000002
0.016130495
0.017757154999999997
0.016021300000000002
0.017170435000000005
0.016197939999999997
0.01636526
0.01675755
0.017075645
0.01732314
0.016248714999999997
0.0169664
0.01643987
0.016617204999999996
0.016129169999999998
0.016769629999999997
0.016065395
0.0160265
0.016493149999999998
0.016261165
0.016653889999999998
0.01607196
0.016448390000000004
0.016224059999999995
0.01641119
0.016474305
0.016463755
0.016446199999999998
0.01638106
0.016172225
0.016383455
0.016006669999999997
0.016183295
0.017473715
0.016744825
0.016203255
0.016523345000000002
0.01643979
0.016194570000000002
0.01628938
0.01692466
0.01637227
0.01648465
0.016463255
0.01683737
0.016157204999999997
0.0172783
0.017317219999999998
0.01933834
0.015912674999999998
