1.3191583333333334
1.3294553333333334
1.3198773333333333
1.3237633333333332
1.4111666666666667
1.3273239999999997
1.325803
1.3211490000000001
1.3349126666666664
1.4385443333333332
1.3288463333333334
1.3261053333333332
1.3381649999999996
1.3972360000000001
1.326565
1.4291803333333333
1.3347196666666667
1.3418576666666668
1.325799
1.3275826666666668
1.323305
1.3264363333333333
1.3188156666666666
1.3284626666666663
1.3269296666666666
1.4512619999999998
1.316637
1.3507276666666665
1.4954353333333332
1.3257236666666667
1.4037283333333335
1.3317503333333331
1.3255350000000004
1.3909459999999998
1.326499
1.3256186666666665
1.332914
1.3316673333333333
1.5128576666666667
1.3224646666666664
1.348171
1.3222939999999999
1.3235000000000001
1.3210206666666666
1.3295033333333335
1.3514993333333336
1.4345473333333334
1.3235223333333332
1.3238813333333335
1.3232213333333331
