3.128799
3.148602
3.0419099999999997
3.031467
3.050073
3.2561929999999997
3.025001
3.03898
3.04249
3.113629
3.0346180000000005
3.0421300000000002
3.036843
3.082593
3.041906
3.0392010000000003
3.046971
3.051871
3.037503
3.0378950000000002
3.2760249999999997
3.050458
3.0469660000000003
3.039837
3.076517
3.033222
3.045998
3.043071
3.0398379999999996
3.040135
3.0422000000000002
3.2058479999999996
3.031836
3.313282
3.189929
3.038824
3.040268
3.0355469999999998
3.046163
3.032577
3.046645
3.034586
3.0750599999999997
3.046362
3.0255430000000003
3.0338909999999997
3.029581
3.036944
3.0457859999999997
3.036788
