0.01876568
0.01954676
0.0190616
0.019411855
0.0195897
0.019805945
0.020752845
0.019222085
0.01949527
0.019159449999999998
0.020033969999999995
0.019131589999999997
0.019230625
0.02010474
0.018981784999999998
0.020685675
0.021730845
0.018899625
0.01945015
0.01914358
0.01958374
0.019449565
0.018893185
0.021632329999999998
0.01967405
0.020079409999999995
0.01918074
0.019627444999999997
0.019922880000000004
0.020083610000000002
0.019814245
0.018646125
0.019188505
0.02060956
0.01917402
0.019662325
0.020063810000000005
0.019758295
0.0191655
0.01917802
0.01949062
0.019239689999999997
0.020059240000000002
0.02090712
0.020324405
0.018501405
0.019685539999999998
0.018802759999999998
0.020058534999999995
0.02079473
