0.00035211333333333325
0.00039606533333333334
0.0003509833333333333
0.00036860016666666676
0.00035773899999999993
0.0003571965
0.00035958349999999997
0.00034981050000000005
0.00036452283333333326
0.000366088
0.000354482
0.00034865349999999994
0.0003639725
0.0003467708333333333
0.00036695533333333335
0.00039618533333333334
0.000401666
0.0003484215
0.00036101199999999996
0.00038106216666666673
0.0004115226666666667
0.00040828583333333337
0.00036905600000000004
0.0003588386666666666
0.00038333750000000004
0.000390985
0.00040156616666666664
0.00040311383333333336
0.00034673383333333333
0.0003775808333333333
0.00041785966666666667
0.00036404866666666665
0.00034636033333333336
0.00043715249999999996
0.0004872104999999999
0.0003598046666666667
0.00036988866666666666
0.0004386701666666667
0.0003826246666666667
0.0003975961666666667
0.00036875116666666664
0.0003605658333333333
0.00034462366666666676
0.00037476100000000004
0.00037545583333333334
0.0003568213333333334
0.0004358946666666666
0.00036183033333333337
0.0003625618333333334
0.00035817266666666667
