PC_pub_keygen with dictionary of key material and labels and tupled result

115.77713999999999
129.39434
112.6976
127.36639999999998
112.71818
127.86163
109.36282
119.5055
125.15132999999997
115.77136999999999
120.72443000000003
131.228
128.96083
125.99065000000002
127.51989999999999
128.70309999999998
127.31588999999998
127.36501
122.72398
110.12732
130.45622
128.98251000000002
121.49451999999998
122.31944
116.80699
127.81583999999998
128.03372
117.04284000000001
128.31314
145.89256
117.85527
143.49621
133.37328
122.49412
134.54083
122.71314000000002
125.19630000000001
114.83749000000002
120.59841
121.00124000000001
117.14160000000001
120.49033000000001
118.12292000000001
120.32179999999998
120.61162999999998
121.53725999999999
117.54339
132.44369
125.41966999999998
122.87137000000001
