SA_pub_keygen without dict or tuple

120.87721000000002
119.80884999999999
119.58127000000002
135.43322999999998
123.12169
119.47283
131.80711
114.42481
121.80009
130.53609999999998
119.54722999999998
126.4683
121.01229
111.83059999999999
136.47785000000002
116.04990000000001
116.38004999999998
134.54694
120.73795999999999
121.12204
117.94542999999999
126.10045000000001
124.39688
119.36834999999999
128.999
129.06421
124.30257000000002
127.84466
135.14858999999998
128.83125
118.32586
127.94134999999999
116.71307
117.76732
125.63922
121.40158
122.4987
113.29209999999999
118.41604
116.28892
118.02406000000002
114.85208999999999
126.29604
126.42293999999998
128.37739999999997
119.21514000000002
111.98590000000002
121.86993000000001
134.5162
125.53702999999999
