0.8177647499999999
0.82192425
0.8217264999999999
0.82800725
0.8230335
0.8209495
0.8085515
0.7963815
0.81979225
0.831633
0.804594
0.8004945
0.81826075
0.8353659999999999
0.8174584999999999
0.799596
0.8199897500000001
0.83440675
0.8026592499999999
0.81049825
0.8270065
0.821794
0.81530875
0.84256675
0.84793125
0.83622
0.83390675
0.8287995
0.82223625
0.82242575
0.82220075
0.81111375
0.8427672500000001
0.8038744999999999
0.8078895
0.84461475
0.82413325
0.8518295
0.82577675
0.845169
0.85069975
0.82407525
0.81950775
0.8306607500000001
0.78211825
0.8346895000000001
0.8167512499999999
0.8293125
0.83583825
0.839816
0.8127615
