PC_pub_keygen only RSA.generate(2048)

124.31143999999999
121.23971999999999
125.40550999999999
123.55929
121.36247999999999
126.02757999999997
130.60449
112.40592000000001
129.12749
121.15626999999999
123.04159
116.26037000000001
123.52217000000002
115.06125
118.04465
115.45533
120.65691999999999
131.77329
115.71753999999999
110.8074
117.92209
121.22912000000001
124.60149999999999
134.48192
120.03357999999999
118.73732000000001
117.43116
121.13344000000001
120.19177
115.10493000000001
121.8047
135.56277000000003
116.03378
125.107
128.77251
115.65369
123.32774
122.02928
115.72191
118.80373000000002
122.35774999999998
115.78311
122.38258000000002
129.0776
113.74516
130.4949
123.14377
122.94851
117.57194
114.32964000000003
