128.71849
134.06233
117.43061
118.61237000000001
124.17303000000001
116.15032
136.34401
128.87267
121.33909
122.53750999999998
120.65056
119.35248000000001
114.64537999999999
126.27774
112.22567
124.45618999999999
121.24497999999998
112.99031
116.85604000000001
124.28572
129.43016999999998
118.80652
129.58426
131.29543999999999
116.37994000000002
135.48147999999998
143.95917
119.13273000000001
114.99261000000001
121.5601
126.88047999999999
123.94192
141.28944
130.41884000000002
130.88056
111.28530000000002
131.59528
113.26337999999998
123.15603000000002
119.64690999999998
118.25894
121.50564000000001
116.82359000000002
132.61508999999998
127.30479
111.53698000000001
109.883
123.13721000000001
124.99918999999998
116.64453999999999
