123.47742000000001
124.65739999999998
115.52928000000001
125.56806
123.91233000000001
118.27033000000002
119.27098000000001
119.92472
117.51603
117.81558
135.89678
122.69458
122.72312
119.28371
124.69958
119.45485000000001
125.67415000000001
120.70120000000001
123.61247
115.62407
115.06949000000002
113.85285999999999
121.1697
118.55847999999999
118.90988999999999
127.57891000000002
114.75395
116.86179999999999
116.48242000000002
117.4342
118.60193000000001
125.54561
129.69060000000002
109.45102999999999
128.86166
108.04120999999999
119.57059000000001
115.97757999999999
118.15599999999999
127.89958000000001
117.34013999999999
122.98868999999999
131.47081999999997
123.72368
124.09893
126.40411000000002
126.55708000000001
128.29388
123.49479
130.77076
