Results for PC_sym_keygen - 1:
0.04686028333333333
0.04587913333333333
0.049313883333333336
0.049093616666666666
0.046265516666666666
0.04627208333333334
0.046231299999999996
0.04639218333333334
0.047706483333333334
0.04803001666666666
0.04591551666666667
0.0464822
0.046860099999999995
0.05094731666666667
0.04888013333333333
0.0457961
0.04627361666666667
0.04674961666666667
0.04724935
0.04611710000000001
0.047641583333333334
0.046467
0.046669449999999994
0.04582295
0.04628603333333334
0.04691756666666667
0.04666853333333334
0.046636866666666665
0.04934643333333333
0.045915649999999995
0.04882255
0.04601548333333333
0.04589828333333333
0.0463502
0.04581706666666666
0.047807333333333334
0.047032933333333325
0.0466628
0.046437200000000005
0.047953633333333336
0.05012788333333334
0.04728023333333333
0.046050799999999996
0.05268576666666667
0.05038643333333334
0.04741208333333333
0.045948616666666664
0.050506999999999996
0.0471154
0.049836000000000005
