["keygen", 0.069517461, 2.385182046, 50000]
["keygen", 2.385253636, 4.63716808, 50000]
["nonce", 0.001803284, 2.39325013, 50000]
["encrypt", 2.393376432, 4.896099721, 40000]
["nonce", 0.001536727, 2.413587997, 50000]
["decrypt", 0.001996364, 2.446829704, 350000]
["keygen", 2.446962295, 4.725691956, 50000]
["encrypt", 4.72574331, 7.052042561, 40000]
["encrypt", 7.052098942, 9.43560925, 40000]
["decrypt", 2.413794798, 5.363290727, 350000]
["decrypt", 4.896237545, 7.555942357, 350000]
["nonce", 7.556009865, 9.959809574, 50000]
["encrypt", 9.959864251, 12.233376821, 40000]
["decrypt", 5.363418103, 7.537886699, 350000]
["encrypt", 7.537952908, 9.826307103, 40000]
["decrypt", 12.23348827, 14.377760305, 350000]
