["keygen", 0.074003645, 2.37387017, 50000]
["keygen", 2.373942815, 4.672435495, 50000]
["nonce", 0.00182642, 2.455824547, 50000]
["encrypt", 2.455945676, 4.787492243, 40000]
["nonce", 0.001594385, 2.4659567510000002, 50000]
["decrypt", 0.0020809830000000002, 2.4755724580000003, 350000]
["keygen", 2.475702632, 4.790781817, 50000]
["encrypt", 4.790834119, 7.13883345, 40000]
["encrypt", 7.138889735, 9.559538891, 40000]
["decrypt", 2.46616419, 5.450356114, 350000]
["decrypt", 4.787635905, 7.487228486, 350000]
["nonce", 7.487288586, 9.952297833, 50000]
["encrypt", 9.952353359, 12.268684428, 40000]
["decrypt", 5.450484452, 7.666155099, 350000]
["encrypt", 7.666221595, 9.972253053, 40000]
["decrypt", 12.268798023, 14.568207735, 350000]
