["keygen", 0.07001323100000001, 2.343278443, 50000]
["keygen", 2.343350005, 4.614439332, 50000]
["nonce", 0.001776264, 2.407621583, 50000]
["encrypt", 2.407740442, 4.726300771, 40000]
["nonce", 0.001544405, 2.420749129, 50000]
["decrypt", 0.002003548, 2.513630471, 350000]
["keygen", 2.51376462, 4.795715663, 50000]
["encrypt", 4.795769814, 7.141719808, 40000]
["encrypt", 7.141778026, 9.54207238, 40000]
["decrypt", 2.420965213, 5.484662109, 350000]
["decrypt", 4.726432935, 7.431835164, 350000]
["nonce", 7.431894995, 9.838717261, 50000]
["encrypt", 9.838768073, 12.121627819, 40000]
["decrypt", 5.484791137, 7.728575719, 350000]
["encrypt", 7.728648731, 10.019071833, 40000]
["decrypt", 12.121736076, 14.327846187, 350000]
