["keygen", 0.071133598, 2.347016698, 50000]
["keygen", 2.347088342, 4.62572853, 50000]
["nonce", 0.001801667, 2.414346622, 50000]
["encrypt", 2.414475101, 4.728286637, 40000]
["nonce", 0.001559342, 2.453665908, 50000]
["decrypt", 0.002037763, 2.45332366, 350000]
["keygen", 2.453456499, 4.732796651, 50000]
["encrypt", 4.732847963, 7.061408644, 40000]
["encrypt", 7.061466498, 9.448736066, 40000]
["decrypt", 2.453880463, 5.635679297, 350000]
["decrypt", 4.728424142, 7.8129980230000005, 350000]
["nonce", 7.813057313, 10.239753325, 50000]
["encrypt", 10.239806667, 12.557295137, 40000]
["decrypt", 5.635798641, 7.8362150580000005, 350000]
["encrypt", 7.8362864420000005, 10.110041994, 40000]
["decrypt", 12.557417868, 14.908635658, 350000]
