["keygen", 0.071528544, 2.402321105, 50000]
["keygen", 2.402397536, 4.730888577, 50000]
["nonce", 0.001769493, 2.47522655, 50000]
["encrypt", 2.475347021, 4.854860912, 40000]
["nonce", 0.0015549700000000001, 2.464851599, 50000]
["decrypt", 0.001998092, 2.568793478, 350000]
["keygen", 2.568922437, 4.955647446, 50000]
["encrypt", 4.955707534, 7.506664301, 40000]
["encrypt", 7.506725298, 9.955590055, 40000]
["decrypt", 2.465070496, 5.491337899, 350000]
["decrypt", 4.854998566, 7.583836752, 350000]
["nonce", 7.583894605, 10.059780738, 50000]
["encrypt", 10.059846403, 12.412898822, 40000]
["decrypt", 5.491465073, 7.768115773, 350000]
["encrypt", 7.768185143, 10.113097957, 40000]
["decrypt", 12.413013757, 14.600878441, 350000]
