["keygen", 0.070730412, 2.373767214, 50000]
["keygen", 2.37383972, 4.679775031, 50000]
["nonce", 0.0018292340000000001, 2.4338327680000003, 50000]
["encrypt", 2.433958192, 4.7657093150000005, 40000]
["nonce", 0.001529916, 2.435367326, 50000]
["decrypt", 0.002079244, 2.535767879, 350000]
["keygen", 2.53590496, 4.87413229, 50000]
["encrypt", 4.874186541, 7.220650956, 40000]
["encrypt", 7.220708685, 9.671229955, 40000]
["decrypt", 2.435574668, 5.499691828, 350000]
["decrypt", 4.765848652, 7.463325189, 350000]
["nonce", 7.463384902, 9.903505123, 50000]
["encrypt", 9.903571102, 12.20266721, 40000]
["decrypt", 5.499840129, 7.760589582, 350000]
["encrypt", 7.76065645, 10.047653317, 40000]
["decrypt", 12.202784347, 14.454035491, 350000]
