["keygen", 0.071592311, 2.382815109, 50000]
["keygen", 2.382900807, 4.696742548, 50000]
["nonce", 0.0017856310000000002, 2.46112826, 50000]
["encrypt", 2.461246848, 4.86834187, 40000]
["nonce", 0.001535565, 2.439978013, 50000]
["decrypt", 0.002025382, 2.604319701, 350000]
["keygen", 2.604445046, 4.921283067, 50000]
["encrypt", 4.9213333420000005, 7.33416932, 40000]
["encrypt", 7.334228884, 9.902686659, 40000]
["decrypt", 2.440181894, 5.588666108, 350000]
["decrypt", 4.868477985, 7.566495013, 350000]
["nonce", 7.566551873, 10.082475709, 50000]
["encrypt", 10.082532271, 12.406557747, 40000]
["decrypt", 5.588775964, 7.954416588, 350000]
["encrypt", 7.954482254, 10.296294002, 40000]
["decrypt", 12.406671422, 14.69261189, 350000]
