["keygen", 0.071764275, 2.341098884, 50000]
["keygen", 2.341169133, 4.616316236, 50000]
["nonce", 0.0017736300000000002, 2.405223802, 50000]
["encrypt", 2.405343976, 4.741728635, 40000]
["nonce", 0.001545144, 2.414822312, 50000]
["decrypt", 0.002015497, 2.474923972, 350000]
["keygen", 2.475053778, 4.884273655, 50000]
["encrypt", 4.884325195, 7.234112562, 40000]
["encrypt", 7.234172771, 9.636103908, 40000]
["decrypt", 2.415027411, 5.355375019, 350000]
["decrypt", 4.741856988, 7.580311519, 350000]
["nonce", 7.58036829, 9.997058425, 50000]
["encrypt", 9.99710811, 12.808704821, 40000]
["decrypt", 5.355493874, 7.515983338, 350000]
["encrypt", 7.516043667, 9.803020914, 40000]
["decrypt", 12.808815148, 14.990762794, 350000]
