["keygen", 0.073490657, 2.352662113, 50000]
["keygen", 2.352732198, 4.626329526, 50000]
["nonce", 0.001776526, 2.431392269, 50000]
["encrypt", 2.4315124470000002, 4.738207049, 40000]
["nonce", 0.0015255280000000002, 2.4281058570000003, 50000]
["decrypt", 0.002004091, 2.573528705, 350000]
["keygen", 2.57365378, 4.8589092, 50000]
["encrypt", 4.858959946, 7.233167271, 40000]
["encrypt", 7.233226063, 9.601695528, 40000]
["decrypt", 2.428314016, 5.40497983, 350000]
["decrypt", 4.738347215, 7.373497979, 350000]
["nonce", 7.373553596, 9.858956188, 50000]
["encrypt", 9.859012388, 12.132314916, 40000]
["decrypt", 5.405103967, 7.644734949, 350000]
["encrypt", 7.644799308, 9.918365884, 40000]
["decrypt", 12.132428709, 14.334233587, 350000]
