["keygen", 0.073141411, 2.396754238, 50000]
["keygen", 2.396826836, 4.730029852, 50000]
["nonce", 0.001750639, 2.494924326, 50000]
["encrypt", 2.495043462, 4.926017215, 40000]
["nonce", 0.0015965390000000001, 2.441526882, 50000]
["decrypt", 0.002033998, 2.549638989, 350000]
["keygen", 2.549771531, 4.88046987, 50000]
["encrypt", 4.880522528, 7.394324158, 40000]
["encrypt", 7.394383456, 9.83229908, 40000]
["decrypt", 2.441742634, 5.50749103, 350000]
["decrypt", 4.926172482, 7.637807133, 350000]
["nonce", 7.637867485, 10.075942973, 50000]
["encrypt", 10.076000063, 12.402311477, 40000]
["decrypt", 5.507626796, 7.821613138, 350000]
["encrypt", 7.821682195, 10.148507341, 40000]
["decrypt", 12.402426248, 14.633371282, 350000]
