["keygen", 0.070665029, 2.362457779, 50000]
["keygen", 2.362528598, 4.654716032, 50000]
["nonce", 0.0018063640000000002, 2.41891135, 50000]
["encrypt", 2.419036219, 4.724574547, 40000]
["nonce", 0.001549461, 2.416407008, 50000]
["decrypt", 0.002105347, 2.780076329, 350000]
["keygen", 2.780208283, 5.071971401, 50000]
["encrypt", 5.072026302, 7.393547032, 40000]
["encrypt", 7.393608182, 9.77268643, 40000]
["decrypt", 2.416615018, 5.349552834, 350000]
["decrypt", 4.724714251, 7.32528492, 350000]
["nonce", 7.325345044, 9.865972709, 50000]
["encrypt", 9.866032774, 12.294081003, 40000]
["decrypt", 5.349685292, 7.578078231, 350000]
["encrypt", 7.578148829, 9.857394156, 40000]
["decrypt", 12.294194608, 14.46489693, 350000]
