["keygen", 0.071005182, 2.395174963, 50000]
["keygen", 2.395249099, 4.722327954, 50000]
["nonce", 0.0017925130000000001, 2.463959826, 50000]
["encrypt", 2.464086225, 4.820631161, 40000]
["nonce", 0.001599329, 2.511153094, 50000]
["decrypt", 0.002016887, 2.5464471790000003, 350000]
["keygen", 2.5465814, 4.855985061, 50000]
["encrypt", 4.856037143, 7.225242604, 40000]
["encrypt", 7.225301357, 9.708501909, 40000]
["decrypt", 2.511357974, 5.495041511, 350000]
["decrypt", 4.820768546, 7.432142875, 350000]
["nonce", 7.432214242, 9.946349637, 50000]
["encrypt", 9.946403103, 12.264565844, 40000]
["decrypt", 5.495169229, 7.745222496, 350000]
["encrypt", 7.745291456, 10.075783155, 40000]
["decrypt", 12.264678856, 14.529491209, 350000]
