["keygen", 0.072456512, 2.39050261, 50000]
["keygen", 2.390572302, 4.725587117, 50000]
["nonce", 0.001803623, 2.454502499, 50000]
["encrypt", 2.454620985, 4.798211631, 40000]
["nonce", 0.001547593, 2.446866608, 50000]
["decrypt", 0.002060737, 2.541248038, 350000]
["keygen", 2.541379248, 4.844908919, 50000]
["encrypt", 4.844960331, 7.197310764, 40000]
["encrypt", 7.197372759, 9.60437995, 40000]
["decrypt", 2.447071817, 5.465851326, 350000]
["decrypt", 4.798351702, 7.478187984, 350000]
["nonce", 7.478250172, 9.925344977, 50000]
["encrypt", 9.925396456, 12.280040684, 40000]
["decrypt", 5.465971606, 7.737883315, 350000]
["encrypt", 7.737956208, 10.058337835, 40000]
["decrypt", 12.280164567, 14.464740695, 350000]
