["keygen", 0.07111169, 2.352578832, 50000]
["keygen", 2.352651205, 4.630261097, 50000]
["nonce", 0.0018396480000000002, 2.423757204, 50000]
["encrypt", 2.423881646, 4.743907068, 40000]
["nonce", 0.001546274, 2.434913966, 50000]
["decrypt", 0.00201481, 2.502146909, 350000]
["keygen", 2.502277793, 4.806532161, 50000]
["encrypt", 4.806581964, 7.205218038, 40000]
["encrypt", 7.205273918, 9.631126789, 40000]
["decrypt", 2.43512084, 5.53158955, 350000]
["decrypt", 4.744045314, 7.369387773, 350000]
["nonce", 7.369448085, 9.857036815, 50000]
["encrypt", 9.857086166, 12.184229602, 40000]
["decrypt", 5.531701892, 7.829757015, 350000]
["encrypt", 7.829827826, 10.114626749, 40000]
["decrypt", 12.18435499, 14.380742637, 350000]
