Results for PC_pub_keygen - 50:
131.19912
119.18948000000002
149.47244000000003
134.24203999999995
126.14227999999997
112.2717999999999
130.40104000000014
118.23235999999994
125.08175999999993
128.14119999999988
103.80076000000003
133.17499999999995
131.1136000000002
123.06787999999983
109.55519999999979
109.75303999999994
127.72403999999965
134.2065599999998
114.11931999999979
131.84011999999996
128.47668
138.76959999999997
115.92888000000016
111.99727999999993
134.8902000000004
95.90028000000075
175.59579999999983
136.6136800000004
148.5924799999998
103.60264000000029
137.4060000000003
149.50451999999984
125.70196000000011
124.2212399999994
112.9419200000001
97.73836000000017
126.98847999999998
128.5189600000001
109.76300000000037
140.58856000000048
98.82991999999945
123.03504000000089
123.94067999999947
115.64967999999908
96.27284000000031
97.87599999999998
145.59424000000035
112.11839999999938
125.68955999999956
118.20644000000016
