Results for PC_pub_encrypt - 50:
1.31649
1.313052
1.325991666666667
1.3146013333333335
1.3140790000000002
1.315495666666667
1.3454746666666666
1.3148033333333338
1.316541666666667
1.3129223333333329
1.3140290000000001
1.3420993333333346
1.3152356666666662
1.3151656666666678
1.3155106666666658
1.3150166666666674
1.3291143333333366
1.3146723333333292
1.31748366666667
1.3251070000000027
1.3149660000000032
1.3415016666666681
1.4387053333333313
1.3143766666666608
1.3179500000000008
1.3345356666666721
1.4825889999999948
1.4991110000000039
1.4680120000000016
1.5160706666666641
1.4999880000000019
1.3313133333333316
1.5233779999999986
1.5602656666666614
1.5772993333333336
1.5007053333333336
1.5000013333333393
1.3641713333333314
1.5212479999999953
1.5372856666666714
1.5067986666666684
1.3151146666666684
1.3575063333333333
1.5587770000000016
1.4884413333333364
1.5620313333333322
1.4751750000000072
1.521285666666671
1.3153063333333346
1.3462029999999934
