Results for PC_pub_sign - 50:
3.0137560000000003
2.992342
3.0111860000000004
3.0186349999999997
3.002917
3.0152529999999995
3.001192000000003
3.0189960000000013
2.9991939999999992
2.992631000000003
3.008423000000004
3.0645239999999987
3.0163200000000003
3.0187150000000003
3.001662000000003
3.0121169999999964
3.0009020000000035
2.995402999999996
3.017032999999998
3.0066260000000042
3.018281999999992
3.0070950000000067
2.993145999999996
3.0148730000000086
2.9971949999999907
3.019482999999994
2.9955149999999975
2.9946570000000037
3.1573920000000015
3.0060299999999955
2.9987319999999897
3.015340000000009
2.9907869999999974
3.0736689999999953
2.9998389999999944
3.043142000000003
3.0334880000000197
2.9935099999999863
3.026601999999997
2.994837000000004
3.000259
3.025900000000007
2.998786999999993
3.005243000000007
3.0064700000000073
2.9939589999999896
3.0149749999999926
2.99471299999999
2.99798899999999
3.0084240000000193
