Results for PC_sym_keygen - 50:
0.04686606666666667
0.04681716666666667
0.05108408333333331
0.05028384999999999
0.04683583333333331
0.04682743333333326
0.046765916666666685
0.05024866666666661
0.046896900000000005
0.04875530000000001
0.050368783333333354
0.04688470000000002
0.04942986666666656
0.05041364999999989
0.05038134999999997
0.05378256666666653
0.04693113333333325
0.04831618333333339
0.05526065000000008
0.04954430000000005
0.048055949999999945
0.05026373333333325
0.050285316666666566
0.052450583333333134
0.05290476666666682
0.04759460000000004
0.05026498333333317
0.046930066666666666
0.04694836666666688
0.04817253333333322
0.05024244999999965
0.04698290000000019
0.054879483333333444
0.04907534999999991
0.046903200000000325
0.05110946666666649
0.047300683333333406
0.05036081666666661
0.046874683333333424
0.053567349999999916
0.05316168333333333
0.05020243333333335
0.048747216666666544
0.05017263333333327
0.04687685000000007
0.04856958333333333
0.04901481666666664
0.05129421666666663
0.05213196666666704
0.0469183666666666
