Results for PC_mac_verify - 50:
0.017702009999999997
0.017892084999999995
0.017455120000000008
0.017608819999999994
0.017847904999999997
0.01838129499999999
0.01764816
0.018168485000000005
0.019094869999999986
0.01900296999999998
0.019054539999999988
0.01772732999999999
0.01787881500000001
0.017646300000000004
0.017726935000000027
0.018414520000000004
0.018241530000000027
0.017934725000000002
0.017685554999999978
0.018905075000000052
0.017891104999999997
0.019005014999999972
0.017656319999999965
0.017948234999999996
0.01777076000000001
0.017942620000000034
0.017971879999999985
0.018564769999999984
0.01792074499999998
0.01811566999999997
0.01894809500000001
0.01888665499999995
0.017885600000000036
0.017590450000000004
0.017640354999999986
0.01745722999999998
0.017850085000000036
0.017875119999999925
0.017548984999999958
0.018427719999999963
0.018210065000000098
0.01876045499999989
0.019160930000000038
0.019061694999999903
0.017684664999999884
0.019076094999999925
0.017525540000000034
0.01753973000000002
0.017906089999999892
0.01802066999999994
