Results for PC_pub_decrypt - 50:
3.13239
3.120389
3.1120850000000004
3.1117310000000007
3.1335830000000016
3.1127189999999967
3.198984999999997
3.113273000000003
3.115559000000001
3.201004000000001
3.110655000000005
3.1164019999999937
3.1134989999999974
3.109607000000004
3.232910000000004
3.1118939999999924
3.109870000000001
3.1205209999999965
3.110288000000004
3.123675999999996
3.23076600000001
3.209775999999991
3.1731300000000005
3.1149320000000102
3.120246999999978
3.1111550000000108
3.1123660000000086
3.113151000000002
3.1858990000000063
3.251219000000006
3.116605000000007
3.114840000000001
3.1861579999999776
3.112048999999999
3.2182900000000103
3.128705999999994
3.1131639999999976
3.119769000000005
3.113417999999996
3.158991999999998
3.119850000000014
3.117569000000003
3.1198149999999885
3.1167759999999873
3.1121980000000065
3.1158029999999997
3.1117050000000006
3.1183420000000126
3.1136940000000095
3.116094999999973
