Results for PC_pub_verify - 50:
0.7018227499999999
0.6958455000000001
0.6956032499999998
0.70359375
0.6959095
0.6963162500000002
0.6956587499999998
0.7219392499999993
0.7058774999999997
0.7200920000000002
0.7016717499999992
0.6947537500000003
0.6946785000000002
0.7017492499999989
0.6950124999999989
0.6948950000000007
0.6950885000000007
0.6972455000000011
0.6968367499999992
0.695309
0.6954954999999998
0.70807675
0.6963642499999985
0.7160992500000027
0.7100152499999979
0.7257342500000021
0.7362657500000012
0.7156640000000003
0.7098349999999982
0.7152664999999985
0.7097572499999991
0.7390402499999986
0.7125542500000002
0.7095620000000018
0.7106905000000019
0.7198087499999986
0.7143164999999989
0.7096667500000002
0.7103922500000017
0.7122829999999993
0.7151519999999998
0.7111525000000007
0.7110259999999968
0.6957172499999977
0.7693692500000004
0.7773664999999959
0.768609000000005
0.6952660000000037
0.6954802500000028
0.6960770000000025
