Results for PC_mac_sign - 50:
0.016750605
0.017106019999999996
0.016712400000000006
0.016750944999999993
0.016678240000000004
0.017044170000000015
0.017265054999999998
0.016794320000000005
0.017425439999999986
0.01740102500000003
0.017197759999999992
0.01718144500000001
0.01713911999999997
0.016865445000000003
0.017604299999999993
0.017084554999999994
0.01687764999999999
0.01688743500000001
0.016890369999999953
0.017203335000000024
0.016904395000000037
0.01749557000000003
0.017080005000000044
0.017559685000000016
0.01741768999999998
0.017393509999999994
0.016897689999999983
0.016879370000000053
0.016893789999999954
0.01703701500000001
0.017417899999999948
0.01717689500000006
0.01716293499999999
0.017808155000000027
0.017177685000000054
0.018327389999999964
0.017953600000000024
0.01842472000000015
0.01711818000000008
0.01689667499999999
0.017096574999999916
0.017042259999999913
0.01730088500000008
0.01725501499999993
0.01764599000000004
0.01757794000000004
0.017145960000000002
0.01715978500000006
0.01813521000000009
0.018300260000000037
