Results for PC_sym_decrypt - 50:
0.014776129999999998
0.014164755000000001
0.014613065
0.014346425
0.014231819999999997
0.014791700000000017
0.014257644999999998
0.014842565000000007
0.014736280000000015
0.01415860499999999
0.014518749999999993
0.014457319999999977
0.01483271000000002
0.014884214999999977
0.01502288499999999
0.014186374999999992
0.014216599999999992
0.014850239999999992
0.014258965000000004
0.014225399999999978
0.014266894999999983
0.014901684999999994
0.014572360000000053
0.014920589999999977
0.014292149999999991
0.014505599999999959
0.014330575000000038
0.014280285000000033
0.015127495000000053
0.01426703499999995
0.014474310000000018
0.014380829999999989
0.014272834999999944
0.015929404999999973
0.014252584999999983
0.014877919999999989
0.014240755000000008
0.015361619999999973
0.014295594999999963
0.014276359999999997
0.01504401999999999
0.015715405000000047
0.01426658499999995
0.015001545000000078
0.014980230000000034
0.01516958499999987
0.015041190000000029
0.015080270000000126
0.015074944999999928
0.015420640000000103
