Results for PC_sym_encrypt - 50:
0.06536765
0.0687799
0.06543615
0.071330075
0.066255125
0.06538312500000001
0.06639510000000008
0.06538787499999996
0.065529875
0.06532950000000008
0.06549662500000002
0.06594992499999996
0.06598535000000005
0.06812350000000009
0.06691272500000008
0.07117807500000008
0.06902017499999999
0.06557392499999981
0.0701163000000001
0.06520232499999991
0.06650420000000015
0.0675060499999999
0.06551267500000026
0.06544057500000004
0.06536067500000016
0.06651285000000015
0.06553979999999981
0.06631302500000018
0.06643650000000001
0.06686632499999981
0.06808440000000004
0.06774585000000001
0.06671217499999997
0.06536645000000013
0.0652374499999997
0.06652014999999985
0.06994355
0.06529217500000009
0.06524575000000006
0.06548149999999993
0.0652196
0.06529067499999962
0.06525327499999989
0.06583564999999965
0.06646937499999979
0.0666660499999999
0.06757254999999986
0.067380275
0.06573137499999966
0.07048877500000046
