Results for SA_pub_encrypt - 50:
1.3126873333333335
1.308768333333333
1.3107453333333332
1.3132036666666669
1.3224546666666672
1.311701333333333
1.310371
1.3115633333333345
1.3605546666666666
1.3325506666666698
1.3711796666666654
1.3242539999999987
1.3213686666666695
1.3113140000000008
1.3099900000000015
1.3108170000000001
1.3116886666666687
1.310954
1.3149269999999973
1.3156756666666638
1.3126019999999983
1.3940653333333302
1.3962763333333328
1.3121010000000033
1.3115793333333319
1.3111786666666632
1.310122000000002
1.340245333333333
1.3121043333333329
1.3111923333333333
1.3151603333333337
1.3126473333333357
1.3124419999999997
1.3512003333333287
1.3106883333333315
1.3109596666666619
1.312022333333336
1.3138156666666607
1.3133919999999932
1.3188079999999995
1.3365586666666711
1.3147256666666653
1.3158800000000024
1.318220666666671
1.3129346666666588
1.312783333333338
1.3133899999999983
1.3128093333333386
1.3134446666666595
1.3129483333333287
