0.06990552500000001
0.068569475
0.06879377499999997
0.06972520000000001
0.06869510000000001
0.073755325
0.06869360000000002
0.06876059999999998
0.06883947499999996
0.06889135
0.06871807500000005
0.06858297499999999
0.06962190000000011
0.06984857499999997
0.07239282500000002
0.07198545000000003
0.07011339999999996
0.0742548000000001
0.07014145000000002
0.06913837499999999
0.06867452499999994
0.0735174749999997
0.06896792500000011
0.06877457500000013
0.0688507750000003
0.0699622250000001
0.07128220000000027
0.07036732499999979
0.0688403000000001
0.07011430000000018
0.0724321249999999
0.07111907499999966
0.07087057499999999
0.07051489999999987
0.07031729999999997
0.06888317499999985
0.06874405000000046
0.06868569999999997
0.06869419999999948
0.07154527500000007
0.06879502500000001
0.06895190000000007
0.06894617499999996
0.06873562500000006
0.06955995000000001
0.0714438249999997
0.06877959999999989
0.06867217499999967
0.06876007500000014
0.07009852499999951
