Results for SA_pub_verify - 50:
0.7363952500000001
0.6963767499999999
0.69592125
0.6957049999999998
0.69517775
0.6950830000000003
0.6949955000000001
0.6951737500000004
0.760434
0.6944604999999999
0.69533925
0.6943972499999989
0.6943557499999997
0.6942534999999985
0.6976209999999998
0.6944107499999994
0.7111929999999997
0.6959342500000005
0.6963834999999996
0.7009609999999995
0.69975275
0.7123382500000002
0.763845250000001
0.7321864999999974
0.69905975
0.6954787499999995
0.6952505000000002
0.6998290000000011
0.6995202500000026
0.7013537499999991
0.6951549999999997
0.7278847500000012
0.7192787499999973
0.7119597499999983
0.6951350000000005
0.6985727500000003
0.748170499999997
0.6953087499999988
0.707726000000001
0.7128922499999994
0.7049884999999989
0.6998549999999994
0.6964129999999997
0.7156417499999961
0.7223235000000017
0.7570277499999989
0.7158622500000007
0.7319472499999975
0.7179574999999971
0.7186035000000004
