Results for SA_pub_keygen - 50:
107.09728
133.72016
124.88304
136.93507999999994
121.58755999999997
119.86887999999993
115.87220000000002
130.55900000000008
112.91203999999993
119.16228000000004
120.96000000000004
102.62655999999993
135.95211999999975
120.3886399999999
116.86540000000008
119.73031999999989
136.63904000000002
110.54148000000026
149.7458800000001
134.29555999999963
134.50087999999994
120.37171999999998
138.95600000000059
135.5892799999998
121.14552000000003
111.31180000000029
125.45296000000064
142.28827999999965
122.96940000000006
156.31827999999985
145.55892000000028
136.54240000000016
127.26679999999988
124.43047999999976
144.2393599999997
127.94848000000003
116.36432000000013
123.23511999999937
113.65544
127.01456000000009
111.16644000000008
139.13752000000045
118.02071999999953
128.24612000000002
125.58815999999979
139.99000000000137
127.5336399999992
119.81899999999882
111.8728800000008
126.81111999999872
