0.048883850000000006
0.0488001
0.048868383333333335
0.04867496666666667
0.04878701666666669
0.049300933333333345
0.04874198333333328
0.04871904999999999
0.04877276666666657
0.04981821666666667
0.048748400000000025
0.048659383333333396
0.05128196666666653
0.04872896666666679
0.048723866666666754
0.048830066666666616
0.048785233333333504
0.0487960666666666
0.04882213333333342
0.04882228333333328
0.04874829999999998
0.04885868333333339
0.048764266666666604
0.04884960000000002
0.04885776666666667
0.04878296666666676
0.04880843333333331
0.04878740000000003
0.04891896666666682
0.04891256666666687
0.050596949999999905
0.048928933333333424
0.048940216666666696
0.04879575000000003
0.04866606666666655
0.048827999999999844
0.050967316666666804
0.051574350000000165
0.05038679999999995
0.04958831666666678
0.04872209999999982
0.04879575000000003
0.048793000000000336
0.04868753333333349
0.04877489999999985
0.048734366666666536
0.05006636666666679
0.0488694
0.0494102166666669
0.048883866666666144
