Results for SA_pub_sign - 50:
3.006484
2.9888879999999998
3.06644
2.9912789999999987
2.993141999999999
3.0108420000000002
2.994202999999999
3.006156999999998
2.990545000000001
2.986605000000001
3.008518999999996
3.0066950000000006
3.0044030000000035
2.9877089999999953
3.0225950000000026
3.012847000000008
2.992952999999993
2.992338999999994
3.0043860000000038
2.9914950000000005
3.0137240000000034
2.9888949999999994
2.988652000000002
3.015471000000005
2.9894019999999983
3.0039699999999954
2.984681000000009
2.9925759999999997
3.004289
2.990683000000004
2.9917410000000046
3.005705000000006
2.9896360000000044
3.0069810000000103
3.1172380000000004
3.0014749999999992
3.008018000000007
2.9874730000000085
3.0316210000000012
3.000314000000003
3.253678000000008
3.062148999999991
2.992092999999997
3.267405999999994
2.997585000000015
3.0811600000000112
3.0132059999999967
2.9940659999999752
3.020766999999978
3.0113540000000114
