Results for SA_mac_sign - 50:
0.01847855
0.020722465
0.020706875000000007
0.020873529999999994
0.01830544999999999
0.020372474999999994
0.020188965000000003
0.02144076
0.018601519999999993
0.02067189499999998
0.01913738500000001
0.018331579999999972
0.020329549999999974
0.02110882
0.020258760000000004
0.02047493999999993
0.020285319999999985
0.020738480000000052
0.01822799500000002
0.019956134999999976
0.020241899999999972
0.020271000000000042
0.020292485000000013
0.02058313499999997
0.020354779999999975
0.01969240999999997
0.01831509000000004
0.019025864999999982
0.021049344999999987
0.018753375000000003
0.018656500000000024
0.01885998000000001
0.018778890000000034
0.018251939999999963
0.019467175000000055
0.01987184499999998
0.019372720000000072
0.018619989999999975
0.01876083499999993
0.01841630500000008
0.018257499999999992
0.01856618499999996
0.01896835500000009
0.01897374500000012
0.01928557000000012
0.019497729999999932
0.01934082499999988
0.01874470500000001
0.018760949999999926
0.018407409999999944
