Results for SA_pub_decrypt - 50:
3.1185880000000004
3.11664
3.112515
3.114419
3.1171310000000005
3.118496999999998
3.1134239999999984
3.117041999999998
3.1169519999999977
3.115675000000003
3.1140710000000027
3.1152239999999978
3.111994000000003
3.115826999999996
3.1125630000000015
3.1162649999999985
3.118885000000006
3.185812999999989
3.123626999999999
3.120310999999994
3.1167450000000017
3.1195179999999993
3.118854999999982
3.11593400000001
3.128105000000005
3.119529
3.1138260000000173
3.1175970000000035
3.116346000000007
3.113940999999997
3.121659000000008
3.118904999999998
3.1202930000000038
3.113417999999996
3.1167370000000005
3.1175309999999996
3.1157419999999973
3.1175260000000122
3.117918000000003
3.115175999999991
3.1221979999999974
3.1197030000000012
3.121955999999983
3.1257559999999955
3.1207290000000114
3.11869999999999
3.1136219999999923
3.1170479999999827
3.118871000000013
3.113808999999975
