Results for SA_mac_verify - 50:
0.018200645
0.018221624999999998
0.018339485000000006
0.018136790000000003
0.01827929000000002
0.018522419999999984
0.018193610000000006
0.018126105
0.01912334999999997
0.018656415000000023
0.018503465000000004
0.018171764999999986
0.018186484999999985
0.018235719999999987
0.018180765
0.018232549999999997
0.01845030999999999
0.018202155000000067
0.018521744999999968
0.019312824999999947
0.01976251000000005
0.01932142500000005
0.018271484999999997
0.01825580500000001
0.018190120000000008
0.018369055000000002
0.018252049999999968
0.018245535000000004
0.018262069999999967
0.018205389999999967
0.018207669999999967
0.01974598999999998
0.018561304999999993
0.018190285000000018
0.018166379999999975
0.018204169999999922
0.018181285000000005
0.01817303499999994
0.018146044999999875
0.01837946500000001
0.018180585000000065
0.018285029999999976
0.019228724999999967
0.019415254999999975
0.018192260000000005
0.018464149999999933
0.018175630000000068
0.018689454999999956
0.01816680500000004
0.018388484999999975
