Results for SA_sym_decrypt - 50:
0.017201110000000002
0.017577355
0.016625905000000003
0.01800356
0.017305985000000003
0.017516655
0.016580945000000007
0.017865719999999995
0.017905604999999998
0.01681495500000004
0.017654595000000023
0.017425159999999985
0.016775035000000004
0.016599144999999992
0.016580724999999994
0.017120899999999998
0.017133685000000013
0.017116834999999993
0.017074055000000036
0.017704750000000047
0.01881867
0.017300699999999978
0.018107015000000004
0.017454090000000023
0.016837175000000003
0.016579765000000038
0.017905969999999983
0.01814544499999997
0.017568004999999973
0.01817895
0.01815229500000001
0.01714601000000002
0.01657811500000001
0.016573485000000047
0.017256199999999992
0.016608429999999997
0.016594684999999956
0.01826757999999998
0.018361455000000006
0.017383180000000067
0.01701505000000012
0.01661661500000008
0.016952955000000002
0.01795335499999993
0.017772355000000035
0.01659215500000002
0.016567974999999964
0.017016840000000002
0.016593204999999927
0.016537890000000034
