Results for PC_pub_verify - 1:
0.6952442499999999
0.695596
0.69391475
0.6950204999999999
0.6958709999999999
0.6969347499999999
0.694728
0.693431
0.6951109999999999
0.6932582500000001
0.69435125
0.6944695000000001
0.69355225
0.6938822500000001
0.7023035
0.743042
0.69591775
0.6954417500000001
0.69575575
0.6948685
0.700223
0.69448075
0.69394
0.69412
0.697279
0.6952922500000001
0.6914462499999999
0.69579225
0.69291125
0.6945719999999999
0.69403225
0.6935589999999999
0.6945255
0.69771425
0.6955939999999999
0.6946215000000001
0.70032525
0.69285725
0.694708
0.69499
0.69441875
0.6938535
0.694457
0.69424425
0.6951685
0.69027775
0.70364425
0.6914947499999999
0.69309025
0.69327775
