Results for PC_pub_verify - 1:
0.6973955
0.6936415
0.694777
0.70520375
0.701241
0.6935372500000001
0.69767925
0.7041419999999999
0.6936755
0.6943835
0.69776625
0.6932615
0.691335
0.6931305
0.69324625
0.6972295000000001
0.699526
0.6906835
0.6937929999999999
0.694881
0.6967765
0.69301425
0.6939415
0.6927602500000001
0.6965855
0.6915675
0.6916415
0.69221525
0.6972774999999999
0.6947062500000001
0.697205
0.6934472500000001
0.7007677499999999
0.6936052500000001
0.69336575
0.692411
0.6924425
0.70404025
0.6942315
0.69510425
0.6965220000000001
0.692242
0.69320625
0.693121
0.69212825
0.6928924999999999
0.69265275
0.6917097500000001
0.6952395
0.69595725
