0.692484
0.6906945000000001
0.69545575
0.7011305000000001
0.6951925
0.6915500000000001
0.69416325
0.701877
0.7027187500000001
0.69454675
0.6987025
0.69996075
0.69455325
0.70037525
0.696401
0.69542925
0.69581075
0.6970965
0.6990109999999999
0.6961705
0.7031925
0.69438
0.6973937499999999
0.6962442499999999
0.6940707500000001
0.71768025
0.69242625
0.69729225
0.6925954999999999
0.699459
0.6994244999999999
0.6955327499999999
0.6962169999999999
0.70557625
0.695767
0.695945
0.69698125
0.69625925
0.69663325
0.7023187499999999
0.6995865
0.6933312500000001
0.7089734999999999
0.6934877500000001
0.6974792499999999
0.69414675
0.6933625
0.69577875
0.6977655
0.69706325
