15.48
15.398999999999996
15.793999999999995
15.647000000000002
15.715
15.885999999999997
15.674000000000001
15.391000000000002
15.311000000000005
15.440999999999997
15.496999999999996
15.424
15.422000000000006
15.331999999999999
15.340999999999994
15.710999999999995
15.777
15.661999999999995
15.404999999999996
15.891000000000002
15.437
15.668000000000001
15.672000000000006
15.872999999999998
15.381999999999993
15.613999999999995
15.373999999999999
15.673999999999994
15.298999999999992
15.620000000000003
15.440999999999997
15.870000000000003
15.757
15.740999999999998
15.355
15.387999999999998
16.591
15.708
15.641000000000002
15.808000000000003
16.317999999999998
15.365999999999998
15.435999999999998
15.765999999999995
15.291999999999993
15.87799999999999
15.362
15.641000000000002
15.344999999999997
15.324999999999998
