3.9940000000000047
4.041999999999997
3.9779999999999953
4.02799999999999
4.0299999999999985
3.953000000000005
3.949000000000001
4.074999999999996
3.9650000000000034
4.013999999999997
3.9669999999999983
3.970999999999995
3.928000000000001
3.9700000000000015
4.046000000000001
3.9609999999999994
4.032000000000001
3.9210000000000007
4.059999999999994
4.036999999999999
3.9719999999999964
4.020999999999997
3.9939999999999976
3.931999999999998
4.061000000000002
4.041999999999997
4.058999999999993
3.9739999999999984
3.939999999999999
4.022999999999999
3.9430000000000023
3.9589999999999974
3.9769999999999945
4.013000000000003
4.018999999999995
4.213000000000002
3.9809999999999985
3.9710000000000023
4.043999999999999
4.01
3.968999999999993
4.046999999999995
4.095999999999996
4.005999999999996
4.096000000000003
4.036000000000005
3.957999999999996
4.038
3.9880000000000053
3.922999999999996
