0.002854375
0.002762125
0.0028612999999999998
0.0028442
0.0027412250000000003
0.002875775
0.0027690749999999997
0.0028519999999999995
0.0028229000000000006
0.002855275
0.0028105749999999996
0.00275465
0.0028134750000000006
0.00282245
0.00280075
0.002830025
0.0028059749999999996
0.0028595500000000006
0.002786775
0.0028239499999999996
0.0028495749999999996
0.0028295750000000004
0.0028487
0.0028169749999999998
0.002943975
0.0028308
0.0027854
0.00282595
0.00283815
0.0028435500000000002
0.0028350750000000003
0.0028127499999999997
0.0028604750000000003
0.0030398
0.002794625
0.002823125
0.00286755
0.0028757250000000004
0.0027877749999999993
0.002859875
0.002817
0.0028569249999999997
0.00279265
0.00310505
0.0028330000000000004
0.00282995
0.0028645999999999997
0.0028227750000000005
0.00290925
0.00282305
