15.805
16.159
15.796999999999999
16.065
15.911000000000001
15.705999999999998
16.236
16.148999999999997
15.968000000000004
15.722000000000007
15.775999999999998
16.22
15.815999999999997
16.101999999999997
15.802999999999997
15.851999999999999
15.809999999999997
16.279999999999998
15.857000000000003
15.813
15.666999999999993
15.872999999999998
16.132999999999996
15.792
16.188999999999997
15.836000000000002
15.796999999999992
15.888
15.791
16.087999999999997
15.755999999999998
16.187999999999995
15.718000000000004
15.902
15.879999999999992
16.06200000000001
16.096
16.184000000000005
15.815000000000003
16.084999999999994
16.391000000000002
15.758999999999995
16.032999999999998
16.211000000000002
15.733999999999998
16.280999999999995
15.757
16.38
16.203999999999997
15.824999999999992
