12.476999999999995
12.560000000000002
12.382999999999997
12.554999999999996
12.428999999999995
12.658999999999997
12.410999999999998
12.633
12.431999999999999
12.423999999999998
12.334000000000005
12.475999999999994
12.672000000000002
12.533999999999997
12.559000000000001
12.567999999999996
12.566999999999995
12.527000000000003
12.543
12.403999999999998
12.704000000000008
12.461999999999994
12.623999999999997
12.497000000000002
12.538
12.567000000000002
12.628
12.553999999999995
12.656
12.467000000000006
12.369999999999992
12.596999999999998
13.285000000000005
12.532999999999996
12.341999999999999
12.318000000000003
12.476
12.366999999999996
12.530999999999993
13.149000000000001
12.412000000000006
12.588000000000003
12.596999999999998
12.387999999999996
12.515000000000006
12.604999999999999
13.046000000000003
12.385999999999994
12.635
13.225000000000001
