0.001801235
0.0018074549999999997
0.001760575
0.0017816449999999999
0.0017914249999999997
0.0018152249999999997
0.0017893549999999999
0.001981205
0.00179858
0.0017710149999999997
0.0019328750000000001
0.0017734
0.0017916850000000001
0.0017734050000000003
0.001760955
0.00179784
0.0017709599999999998
0.00179832
0.0019282949999999998
0.001843405
0.002098355
0.0018554949999999998
0.0018054049999999997
0.00179007
0.0017847599999999996
0.0018352749999999997
0.0017631599999999997
0.0018053899999999998
0.00183886
0.0017723999999999997
0.0017636599999999998
0.00179703
0.001829615
0.00195575
0.0017676649999999999
0.0017711950000000001
0.001810195
0.0017657199999999997
0.0017743400000000001
0.00176372
0.001787825
0.0017999700000000001
0.00188988
0.001766875
0.001782045
0.0017597249999999997
0.0018378549999999998
0.001853265
0.00176684
0.0018057199999999998
