14.619
14.182
14.372999999999998
14.214000000000004
14.387999999999998
14.511000000000003
14.222999999999999
14.739999999999997
14.550999999999995
14.149000000000003
14.115999999999996
14.144999999999998
14.143000000000002
14.094999999999997
14.147999999999994
14.104999999999993
14.146999999999993
14.234000000000004
14.233000000000002
14.224999999999994
14.167
14.408999999999999
14.104999999999999
14.133000000000006
14.068999999999999
14.289999999999997
14.158999999999997
14.135999999999996
14.216
14.200999999999999
14.522999999999994
14.141
14.690000000000001
14.130000000000004
14.464999999999998
14.186000000000003
14.091
14.341
14.600999999999996
14.494
14.112
14.321
14.194999999999999
14.164999999999997
14.436000000000003
15.040000000000004
14.577
14.064
14.262000000000011
14.531000000000002
