12.011999999999995
11.796999999999995
12.125000000000004
11.800999999999998
11.963000000000001
12.144000000000002
11.904000000000005
12.126999999999999
11.866999999999996
11.776000000000002
11.746999999999993
11.964999999999996
12.019000000000002
11.980999999999998
12.033999999999995
11.890999999999998
12.461
11.835999999999999
11.87
11.811000000000002
11.741000000000001
11.895999999999997
12.074999999999996
11.849000000000006
11.991000000000001
11.878
11.943000000000001
11.808999999999994
11.815
11.818000000000001
11.892999999999994
11.854999999999997
11.833999999999998
11.975
11.825999999999997
11.9
11.942999999999996
11.831999999999995
11.897000000000006
11.847999999999997
11.811999999999996
12.087
11.826000000000004
12.156
11.838999999999995
11.912000000000006
11.863000000000005
11.843999999999994
12.175000000000006
12.065999999999994
