0.019508000000000005
0.019809000000000007
0.019486999999999997
0.019263999999999996
0.019688999999999998
0.019451000000000003
0.019342000000000005
0.019686999999999996
0.019590999999999997
0.019318999999999996
0.019881999999999997
0.019441
0.021152999999999998
0.020892999999999995
0.019295
0.019860000000000003
0.019382999999999997
0.019829
0.019855000000000005
0.019414
0.019726
0.019483999999999994
0.019784999999999997
0.019330999999999994
0.019811999999999996
0.019553999999999995
0.019680999999999997
0.019267000000000006
0.019867999999999997
0.019316
0.020163999999999994
0.019746
0.019679999999999996
0.019573
0.020037
0.019804999999999996
0.019831
0.019700000000000002
0.021005999999999997
0.019441
0.019646999999999998
0.019934999999999994
0.020261000000000008
0.019738
0.019777999999999997
0.019878000000000007
0.019600999999999993
0.019851
0.019228000000000002
0.019741
