0.006415007500000001
0.007555782499999999
0.006330735000000001
0.00644534
0.006350502500000001
0.007652834999999999
0.006314459999999999
0.0063276025000000005
0.006148802500000001
0.0062696424999999995
0.0063114925
0.006600102499999999
0.0061983425
0.0069781274999999995
0.006405645
0.006877954999999999
0.006446957499999999
0.00629516
0.0063260025
0.006259080000000001
0.006187155
0.0061502225
0.006240979999999999
0.0061704725
0.00620803
0.006202067500000002
0.0063755949999999995
0.0062623424999999995
0.006210365000000001
0.006219105000000001
0.006156342499999999
0.0062165775
0.0061561325
0.006260865
0.0061999475
0.006324560000000001
0.006958565000000001
0.0062527475
0.0062916725000000005
0.00635488
0.006190107499999999
0.006194
0.00637509
0.0066616025
0.0060815324999999995
0.0064268675
0.006108525
0.0063479875
0.006184095
0.007132842499999999
