0.0009071833333333334
0.0009071000000000001
0.0009048500000000001
0.0009195333333333332
0.0009122833333333334
0.0009179833333333333
0.0009311666666666665
0.0009165499999999999
0.0009061
0.0009292166666666666
0.0009220166666666666
0.0009151
0.0009080833333333333
0.0009008833333333333
0.0009109833333333333
0.0009090499999999999
0.0009054666666666667
0.0009009666666666669
0.0009046
0.0009095499999999997
0.0009006499999999998
0.0008998499999999999
0.0009829333333333332
0.00092615
0.0008970166666666666
0.0009108333333333334
0.0009247833333333331
0.0009139666666666669
0.0009051
0.0009104333333333333
0.0009043666666666666
0.0009210166666666666
0.0009066666666666667
0.0009018999999999999
0.0009166166666666666
0.0009153833333333333
0.0009059
0.0008996499999999997
0.0009109833333333331
0.0009341333333333333
0.0008968333333333332
0.0009105666666666668
0.0008954333333333332
0.0009060333333333331
0.0008985333333333333
0.0009074166666666666
0.0009007
0.0009043833333333333
0.0008989333333333332
0.0009092833333333333
