0.005661750000000002
0.005660499999999999
0.0057114999999999996
0.0058245000000000016
0.005689999999999999
0.0058435
0.00573625
0.005825749999999999
0.0057034999999999985
0.005686499999999999
0.005753000000000001
0.005686249999999999
0.0057105
0.005660750000000003
0.0056595
0.005697999999999998
0.005681749999999999
0.005714499999999999
0.0056965
0.005630250000000002
0.005783250000000002
0.005727999999999999
0.00576575
0.00577825
0.005769749999999999
0.0057642499999999985
0.0056704999999999985
0.0058035
0.005726
0.0058130000000000005
0.00577275
0.005764
0.005850250000000001
0.005696000000000001
0.005806249999999999
0.005677249999999998
0.005785499999999999
0.00574475
0.005753999999999999
0.005643249999999999
0.005725500000000001
0.005835
0.00569075
0.0057357499999999995
0.005827249999999999
0.005705499999999999
0.00577575
0.005606750000000001
0.005745749999999997
0.005654000000000001
