15.337999999999997
15.385999999999997
15.467000000000002
15.825999999999993
15.295999999999998
15.391000000000002
15.241999999999999
15.372000000000003
15.391999999999996
15.467999999999996
15.876999999999995
15.364000000000003
15.334
15.470999999999998
15.325999999999999
15.384999999999996
15.745000000000003
15.348999999999995
16.419000000000004
15.759000000000002
15.272
15.774999999999997
15.544999999999996
15.821999999999996
15.32
15.851999999999999
15.733999999999998
15.387000000000004
15.677999999999997
15.365999999999998
15.825999999999993
15.447999999999997
15.224000000000002
15.312
15.383000000000001
15.367000000000006
15.36
15.425999999999995
15.299
15.551000000000002
15.495999999999995
15.412999999999997
15.676000000000002
15.754999999999999
15.751000000000001
15.363000000000001
15.257
15.50299999999999
15.711999999999996
15.334
