12.437999999999997
12.426
12.661999999999992
12.41500000000001
12.655000000000006
12.437000000000003
12.516
12.642999999999995
12.533999999999997
12.396999999999991
12.798999999999998
12.646999999999998
12.702000000000005
12.761000000000001
12.591999999999992
12.700000000000003
12.42
12.414000000000001
12.68099999999999
12.616999999999996
12.653000000000004
12.475
12.693999999999997
12.554000000000002
12.651999999999997
12.567999999999996
12.658000000000003
12.604999999999999
12.383000000000004
12.624999999999996
12.584999999999999
12.611999999999998
12.450000000000003
12.706000000000001
12.436000000000003
12.646999999999998
12.457999999999997
12.643999999999995
12.543999999999993
12.832999999999997
12.534999999999998
12.455999999999994
12.453
12.459000000000005
12.566
12.435999999999996
12.680000000000003
12.510999999999994
12.625999999999998
12.580999999999994
