0.0014399500000000002
0.0014723149999999999
0.001422485
0.0015219250000000001
0.001404635
0.0014601350000000002
0.001475435
0.00159224
0.0015656849999999996
0.0015208399999999999
0.001491085
0.0014324999999999997
0.0014094300000000001
0.00144732
0.001462955
0.0014312199999999998
0.001490225
0.0014652250000000001
0.001409125
0.00147703
0.0013988400000000002
0.001456255
0.0014344149999999999
0.0015258399999999999
0.00140876
0.0014369249999999997
0.0014931449999999998
0.0014098850000000003
0.001478185
0.001452915
0.0014120299999999999
0.0014859299999999999
0.0014551799999999997
0.001474275
0.0014435399999999999
0.0014458849999999998
0.00144577
0.001408515
0.0014661750000000001
0.0014779499999999998
0.0014719249999999996
0.00146427
0.0015209149999999999
0.001608395
0.00146903
0.0014833999999999997
0.0014434349999999999
0.0014455400000000001
0.0014200499999999997
0.00147837
