0.5606
0.5598799999999998
0.5593599999999999
0.55484
0.5587999999999999
0.5707600000000002
0.55932
0.5675600000000001
0.57144
0.5582799999999999
0.5689200000000002
0.5585999999999999
0.5614800000000001
0.5743199999999998
0.5691600000000002
0.55972
0.5582000000000001
0.5580000000000002
0.5616399999999999
0.55732
0.5909599999999998
0.5604000000000001
0.5570799999999998
0.5593199999999998
0.5716399999999999
0.5584
0.56692
0.5625600000000001
0.5614800000000003
0.5599600000000002
0.5580800000000002
0.5602800000000002
0.5598800000000002
0.5607599999999999
0.5826000000000001
0.56008
0.5785200000000001
0.5592400000000001
0.5741600000000002
0.5592000000000003
0.5786800000000001
0.5614800000000001
0.57832
0.5699600000000002
0.55696
0.5722800000000003
0.5626400000000001
0.57308
0.57336
0.5695600000000001
