14.067000000000004
13.997000000000002
14.188999999999993
13.922000000000004
14.022
14.301000000000002
14.018999999999997
14.363000000000001
14.139000000000006
14.064
14.417
14.456999999999997
14.372999999999998
14.342
13.969999999999997
14.366000000000003
14.187999999999999
13.955000000000002
13.988
14.466
13.953
14.204
14.276999999999997
14.258
14.373000000000005
14.251
14.001
14.280000000000001
14.350000000000001
14.250999999999992
14.267000000000001
14.184000000000003
14.3
14.362
14.057000000000007
13.981
13.930000000000005
13.974
13.988
14.357000000000001
14.367999999999999
14.293999999999993
13.955999999999996
14.008
13.952
14.19100000000001
14.239999999999995
14.385000000000002
13.975999999999988
14.017000000000001
