0.00901733333333333
0.009182
0.009252999999999999
0.009253333333333332
0.009160999999999997
0.00922033333333333
0.009171000000000002
0.009175
0.009212666666666668
0.009223666666666668
0.009180333333333332
0.009078666666666665
0.009044333333333331
0.009020333333333333
0.009105000000000002
0.009367333333333335
0.009103999999999998
0.009168999999999998
0.009093333333333333
0.009315000000000002
0.008997666666666666
0.009113000000000003
0.009065333333333335
0.009158333333333334
0.009030333333333331
0.009048666666666665
0.009178666666666663
0.009440666666666667
0.009035
0.00916333333333333
0.009182333333333334
0.009185666666666661
0.009082999999999999
0.009170666666666666
0.009170666666666666
0.00899766666666667
0.009149333333333336
0.008934999999999998
0.00916366666666667
0.009109999999999998
0.009173
0.009078000000000001
0.009159666666666668
0.009132333333333333
0.009050666666666665
0.009222000000000001
0.009191999999999999
0.00914266666666667
0.009128666666666665
0.009154666666666667
