18.565000000000005
18.546999999999993
19.037
18.607
18.386999999999993
18.555000000000003
19.032
18.632999999999996
18.547
18.979000000000003
18.502
18.867
18.797999999999995
18.988
18.583000000000002
18.566
18.874999999999996
18.98499999999999
18.991
18.996000000000006
18.616
18.574
18.55999999999999
18.955999999999992
18.617999999999995
18.564000000000004
18.601
18.556000000000004
18.658
18.494999999999997
18.558
18.644000000000002
18.617
19.680000000000003
18.514999999999997
19.004
18.554999999999996
18.498
18.62599999999999
18.676999999999992
18.63
19.06899999999999
18.971999999999994
18.751000000000005
18.607
18.584000000000003
19.317
18.563999999999997
18.594000000000005
18.502
