0.0004071599999999999
0.00040691
0.00041188
0.00040879
0.0004195699999999999
0.000404965
0.0004088
0.00043695999999999996
0.00042412499999999997
0.000404155
0.00040329499999999997
0.00040432999999999995
0.00040292999999999997
0.00040657
0.000402195
0.00040538
0.0004055399999999999
0.00040354499999999995
0.00040978499999999997
0.00044845
0.00040111000000000004
0.00041541999999999995
0.000410465
0.000411115
0.00040610999999999995
0.00039849499999999996
0.00042889
0.000411725
0.00041263500000000006
0.00041320499999999993
0.00040297
0.00040814000000000003
0.000444835
0.000424555
0.00044072500000000005
0.00041655999999999996
0.00041269
0.00040629999999999996
0.00040631500000000003
0.00039909
0.000405085
0.00040690499999999994
0.000431545
0.00044031500000000004
0.0003988099999999999
0.00040348999999999995
0.00040377499999999993
0.00040038999999999987
0.00041559999999999996
0.00043051000000000005
