0.04853801666666667
0.045422066666666656
0.06528777500000002
0.06139074999999998
0.014546219999999997
0.012044185
0.015837345000000003
0.014422844999999995
0.016812095
0.014454244999999996
132.25796000000003
108.61215999999985
1.3097680000000007
1.3116196666666653
3.1582810000000023
3.1317999999999984
3.0264139999999955
3.045973999999994
0.6913445000000014
0.6897647500000001
0.065603875
0.065145
0.067449625
0.064955125
0.06522035
0.06499855
0.06551705
0.065521175
0.06585550000000001
0.06639462500000001
0.06519365
0.06804727499999999
0.06594452499999999
0.065659225
0.0671567
0.065172225
0.06523854999999999
0.06546729999999999
0.065530575
0.06576977499999999
