Results for PC_pub_verify - 50:
0.6935894999999999
0.6929719999999999
0.6925115000000002
0.8417029999999999
0.7087500000000002
0.7473195000000001
0.7432757500000005
0.8550262500000008
0.8506907499999992
0.6918614999999999
0.6919709999999997
0.7137010000000004
0.6915209999999998
0.7256417499999994
0.7408600000000014
0.7330382499999999
0.6925192499999984
0.6927020000000006
0.6928172500000009
0.77769625
0.6926590000000008
0.6932492500000027
0.6927790000000016
0.6930355000000006
0.6928712499999996
0.6926257500000013
0.692707249999998
0.6928477500000021
0.6928567499999971
0.6925827499999997
0.6927867499999998
0.6927314999999972
0.692555500000001
0.6938149999999972
0.6927995000000031
0.6925385000000013
0.693049000000002
0.6930134999999993
0.6949692499999998
0.6944505000000021
0.7574412499999994
0.7573702499999975
0.7577662499999995
0.7575857500000005
0.7900477499999958
0.7575302500000021
0.7577367500000065
1.3184917499999926
1.3188195000000036
1.318833000000005
