Results for PC_sym_encrypt - 50:
0.065200375
0.065979875
0.06682094999999999
0.06514742500000001
0.06601754999999998
0.066933175
0.06569475000000002
0.06624170000000006
0.06522565000000001
0.06510422500000006
0.0652550999999999
0.06523889999999995
0.06527899999999986
0.06509337500000001
0.06584602499999992
0.06518282500000012
0.06522725000000004
0.06515979999999999
0.06520320000000002
0.06520350000000015
0.06520752499999993
0.06572707500000002
0.06520127500000009
0.06545294999999988
0.0664690750000002
0.06535595000000001
0.0655736000000001
0.06545567499999976
0.0652666
0.06556687500000002
0.06669282500000015
0.06517877499999969
0.06586360000000013
0.06589742499999963
0.06540682500000017
0.06531950000000003
0.06591732500000021
0.06510937500000012
0.06519690000000011
0.06650992500000008
0.06545472499999966
0.06763772500000016
0.06515454999999974
0.06554202499999988
0.0652579000000003
0.0654750749999998
0.06569450000000003
0.06810512499999995
0.06686712499999992
0.0657290499999995
