Results for PC_sym_keygen - 50:
0.04522188333333333
0.04533105
0.045380799999999985
0.04543236666666666
0.04626293333333331
0.04534266666666665
0.04796896666666667
0.0460425166666667
0.045981999999999995
0.04578483333333339
0.04554846666666664
0.04687636666666665
0.04523738333333327
0.04526165000000001
0.04518556666666669
0.0452509333333334
0.04517383333333325
0.045155600000000004
0.04532918333333337
0.04568978333333327
0.04523236666666659
0.045291283333333376
0.045302766666666605
0.045185116666666636
0.04530839999999993
0.04542506666666668
0.04555846666666667
0.04520048333333359
0.04633356666666657
0.04526779999999988
0.04588183333333333
0.04530676666666669
0.04562081666666652
0.04509871666666688
0.045322316666666515
0.05101394999999987
0.045340716666666475
0.04530535000000005
0.05144401666666667
0.05099088333333318
0.04587511666666657
0.04549846666666681
0.04531544999999989
0.04521751666666702
0.045311816666666734
0.04799338333333338
0.045336099999999865
0.0467688499999999
0.04539575000000014
0.04520138333333345
