Results for PC_pub_encrypt - 50:
1.3111403333333334
1.3121193333333334
1.3141866666666664
1.322915
1.3508216666666666
1.3127680000000008
1.3125773333333335
1.317904000000001
1.331499666666667
1.318704333333334
1.3158093333333365
1.3126143333333335
1.3148723333333314
1.3268563333333343
1.3230180000000025
1.3209299999999995
1.3192696666666706
1.309875999999998
1.3115869999999983
1.3097886666666625
1.326933333333334
1.3146269999999969
1.312308999999999
1.3139593333333341
1.3318946666666658
1.3167739999999952
1.308254333333333
1.3142613333333344
1.3085299999999997
1.31159066666667
1.3131363333333326
1.3099429999999994
1.313036666666671
1.315371333333322
1.3120196666666668
1.3154473333333385
1.314817333333328
1.3327453333333399
1.3181376666666722
1.3184573333333371
1.3593509999999944
1.312391333333333
1.3145033333333345
1.3337153333333351
1.3176079999999974
1.561757666666665
1.3114616666666734
1.3130826666666642
1.3376839999999959
1.3539709999999918
