Results for PC_mac_sign - 50:
0.01661563
0.01642611
0.016456924999999997
0.016390579999999995
0.016422540000000013
0.01639607
0.016763354999999987
0.01774348
0.016440640000000003
0.016520840000000023
0.01645703000000001
0.01640688000000001
0.016483489999999996
0.01670783
0.016387185
0.0164256
0.016368370000000035
0.016389129999999988
0.01634802499999999
0.016493630000000047
0.01646561999999996
0.016416765000000028
0.01645268999999999
0.016486955000000025
0.01648425000000003
0.016646199999999993
0.016425660000000022
0.016443510000000005
0.016768034999999983
0.016442460000000023
0.01642297499999998
0.016446354999999996
0.016411635000000046
0.016441609999999968
0.016399129999999998
0.016439485000000007
0.01653518500000004
0.016450604999999997
0.016460009999999983
0.01646194500000007
0.016463579999999922
0.01645635999999996
0.01648484499999995
0.016536964999999952
0.016442954999999985
0.016453039999999957
0.016577644999999988
0.016534395000000045
0.016478089999999952
0.016526089999999983
