Results for PC_pub_sign - 50:
2.992445
3.052161
3.0017880000000003
3.0452899999999996
3.003546000000002
2.9714810000000007
2.9686190000000003
2.9927259999999976
2.9642950000000035
3.0845199999999977
2.9693570000000022
3.0009760000000014
2.970684999999996
2.9697599999999937
3.028494000000002
2.976737
3.0021819999999977
2.9684430000000006
3.0179760000000044
3.0100949999999997
2.9673719999999975
2.9964629999999985
2.966528000000011
2.9995020000000068
2.9731179999999995
3.0872870000000034
3.017844999999994
3.0580949999999945
2.9958799999999997
3.066128000000006
2.9954840000000047
2.975030999999987
3.0164489999999944
3.0104570000000024
2.970263999999986
3.0073710000000062
3.0093999999999994
3.0266189999999966
2.9880070000000103
2.9987469999999945
2.971776999999989
3.3674259999999947
3.0013410000000107
2.9713079999999934
2.9931600000000174
2.97066700000002
2.98433
2.9801219999999944
2.9704690000000085
2.9955910000000188
