Results for PC_mac_verify - 50:
0.01747072
0.017359225
0.017315629999999995
0.017393969999999995
0.017270535000000004
0.017302730000000006
0.017357010000000006
0.017490129999999996
0.017271260000000004
0.017419530000000023
0.017314240000000005
0.017395880000000013
0.01735782499999999
0.017373334999999983
0.017394184999999993
0.01732347500000003
0.017259835000000015
0.017299415000000023
0.01732865499999992
0.017308315000000005
0.017319840000000045
0.017294109999999988
0.01741623000000004
0.017364679999999952
0.01734773500000003
0.017629149999999996
0.017327730000000017
0.017346280000000006
0.01727893999999999
0.01760439000000005
0.017757065000000054
0.01984348500000003
0.017262849999999972
0.01989753499999999
0.017296949999999995
0.01754750999999999
0.01721157499999997
0.01983231500000002
0.017244249999999968
0.01729218000000003
0.017242770000000008
0.017274560000000036
0.01725656999999998
0.017218519999999984
0.017199434999999996
0.017192775000000042
0.01725333500000005
0.01723220999999995
0.017285515000000088
0.01724903499999996
