Results for PC_pub_keygen - 50:
116.17892999999998
123.92581
121.32797000000008
120.45556999999995
123.80980999999998
139.48030999999995
132.9009400000001
127.84947000000003
127.63362000000001
124.28134999999983
114.57898999999983
122.4482500000002
113.9438899999999
121.6700000000003
129.8300500000002
119.36268999999982
114.24566999999968
132.96978999999993
120.69999999999993
119.67298999999997
118.84157999999957
123.26384000000019
119.89372000000003
123.05350999999973
132.18398999999977
121.34006999999997
112.26312000000007
118.17070000000001
121.11479999999972
107.21103000000028
122.81485999999973
126.81691999999941
120.68096000000025
129.57745999999986
120.30738999999983
135.40323999999998
129.50338999999985
136.93063999999936
125.63589999999978
129.5606700000002
129.30645000000027
121.7933000000005
131.47149999999897
122.61496000000079
108.3029699999986
130.64485999999988
122.37999000000059
125.64043999999966
132.3193600000002
118.96162000000004
