Results for PC_sym_decrypt - 50:
0.014217544999999998
0.014247925000000002
0.014188135000000001
0.014204559999999996
0.014543540000000011
0.014207285000000002
0.014209394999999993
0.014186505000000018
0.014210654999999992
0.014218039999999998
0.014205679999999993
0.014184014999999963
0.014290984999999985
0.014406084999999997
0.014385215000000002
0.014262390000000026
0.014245620000000016
0.01431194999999999
0.014303845000000023
0.014268274999999981
0.014220520000000007
0.014218714999999982
0.01418455500000004
0.014265004999999959
0.014157585000000026
0.014238584999999944
0.014484270000000023
0.014234365000000011
0.014316520000000069
0.01440509000000006
0.014357279999999974
0.015049840000000004
0.014255599999999972
0.014226930000000025
0.01665137999999999
0.014232334999999948
0.014223295000000035
0.014239205000000013
0.016959500000000034
0.01458248999999995
0.014696300000000021
0.014659000000000049
0.014242005000000047
0.014302114999999985
0.014261185000000013
0.014271825000000007
0.014272374999999898
0.014247615000000026
0.01429328499999997
0.014313339999999926
