Results for PC_pub_decrypt - 50:
3.1072390000000003
3.1042569999999996
3.1094680000000015
3.1346799999999995
3.1228809999999996
3.103898000000001
3.102720999999999
3.117429999999999
3.1647890000000025
3.1074050000000035
3.1078149999999987
3.114483000000007
3.1253170000000026
3.1079949999999954
3.109665999999997
3.1076639999999927
3.1182060000000007
3.159053000000007
3.1813900000000004
3.111573
3.6451789999999917
3.105579000000006
3.129743999999988
3.2278009999999995
3.1928410000000014
3.159561999999994
3.202095000000014
3.154691000000014
3.1283479999999884
3.1096350000000115
3.1147619999999847
3.144844000000006
3.1575050000000005
3.139567999999997
3.0977529999999973
3.1262550000000005
3.137816000000001
3.120297000000008
3.164773999999994
3.1201750000000033
3.1148099999999914
3.1106169999999906
3.1049389999999732
3.1032010000000128
3.108848000000023
3.113011
3.119297999999958
3.1649269999999774
3.122950000000003
3.117847000000012
