Results for SA_mac_sign - 50:
0.019115105
0.018674265000000002
0.019190894999999993
0.01860139
0.019382205
0.019378699999999985
0.018537590000000003
0.018574919999999988
0.019568200000000004
0.019379849999999976
0.019710590000000004
0.01973221500000001
0.01991481
0.019711464999999997
0.019854079999999996
0.019673630000000022
0.018698935000000035
0.01865499
0.018686620000000008
0.01859567500000004
0.018650055000000023
0.018760540000000034
0.018646974999999986
0.018582404999999937
0.018573365000000026
0.018711725000000002
0.01861039500000004
0.018570229999999983
0.018611814999999938
0.018568544999999975
0.01851827499999999
0.018611700000000012
0.01857521499999997
0.018641494999999963
0.01865908500000003
0.018615785000000072
0.019016464999999982
0.018587399999999973
0.020844505000000027
0.019659215000000077
0.019941400000000015
0.01978269499999996
0.01982724499999989
0.01959820999999991
0.01998572999999993
0.01924294499999988
0.018631380000000065
0.018596909999999977
0.0199875449999999
0.018577774999999973
