Results for SA_pub_keygen - 50:
123.41744
126.13824000000001
127.43189000000002
122.61679999999998
132.68395000000004
120.33536999999995
130.5804599999999
124.02704999999997
116.77389000000005
123.46473000000003
111.75886999999989
121.51691000000028
129.36063999999988
122.25006000000036
115.68256999999988
117.72921999999994
130.87511000000035
130.10774999999995
123.81130000000013
122.54453999999981
123.99901999999997
123.48036000000036
126.85367999999983
114.45638000000031
114.32420000000036
125.05537000000002
122.1644299999997
122.43268
130.24333999999953
119.77765000000034
133.8969800000001
120.0730900000002
128.2678199999998
125.42325000000004
117.25434000000007
124.10040999999921
108.22744
122.85685000000001
125.72877000000004
123.3989200000002
128.5352899999998
117.94412999999963
117.48189000000025
135.46833000000106
128.36923999999954
116.27070000000003
132.83096999999998
130.13369000000012
130.24559000000067
119.8133699999994
