Results for SA_mac_verify - 50:
0.01856638
0.0188921
0.018496819999999997
0.018873524999999995
0.018482390000000005
0.01859978999999999
0.018662264999999997
0.018472805000000002
0.01841145000000001
0.018330689999999983
0.01856041000000001
0.019762330000000005
0.01982332500000002
0.018467280000000023
0.018562565000000007
0.01882933999999999
0.018443590000000006
0.01887925499999998
0.01914088999999997
0.019259065000000034
0.019004235000000022
0.01981711999999995
0.019886400000000037
0.019108724999999962
0.018519520000000043
0.01855974500000002
0.01880257999999998
0.018936469999999945
0.018612809999999983
0.018638345000000032
0.01842323999999998
0.01942367499999996
0.019492580000000002
0.018711585
0.01857603000000012
0.019653855000000105
0.0184558100000001
0.01843360000000004
0.018567904999999885
0.01895659500000008
0.01910946999999993
0.018530410000000046
0.019241099999999987
0.019578360000000003
0.01968807499999997
0.018928815000000015
0.018438150000000063
0.018448889999999947
0.01844486499999988
0.01933496000000005
