Results for SA_sym_decrypt - 50:
0.016373364999999997
0.016520184999999996
0.016754380000000006
0.01651278499999999
0.016815569999999995
0.016582045
0.016833945000000006
0.016471339999999994
0.016498829999999992
0.01657448999999996
0.016495984999999998
0.016515699999999994
0.016539155
0.016508354999999995
0.016508749999999992
0.016454474999999996
0.01685177500000002
0.016997619999999998
0.01658998499999999
0.016426419999999987
0.0164349
0.016420294999999994
0.016578105000000037
0.016620770000000038
0.01646478000000002
0.01648493500000001
0.01653762499999999
0.01680075500000001
0.016569789999999997
0.016588424999999987
0.016501420000000027
0.01651411500000002
0.016628235000000016
0.01641513500000002
0.01647866999999998
0.016458739999999993
0.016522885000000043
0.016476754999999985
0.016553384999999993
0.01652861999999999
0.01651630499999996
0.016511299999999948
0.01647015500000009
0.016489030000000043
0.016494380000000034
0.01648513499999993
0.016502055000000126
0.016462174999999916
0.016466339999999916
0.016538365000000114
