Results for SA_pub_verify - 50:
0.6967967500000001
0.69590475
0.6956640000000001
0.6958384999999998
0.6961077499999999
0.6961022499999991
0.6960164999999998
0.6967187499999996
0.6962259999999993
0.6960972499999993
0.6963357500000003
0.6962869999999999
0.696123
0.6961077499999995
0.7098925000000005
0.6968602500000003
0.6972457500000004
0.7210582499999987
0.7134140000000002
0.6966710000000003
0.6957615000000015
0.6964535000000005
0.6961972500000009
0.6962119999999992
0.6960342499999967
0.6960402499999994
0.695764999999998
0.6959562499999983
0.6959209999999985
0.696379499999999
0.6957892500000007
0.6958865000000003
0.6982675
0.6967265000000005
0.69587675
0.7042207500000011
0.698273750000002
0.6962755000000023
0.6983767500000013
0.6969765000000017
0.6970429999999972
0.7031235000000002
0.6971334999999996
0.696784000000001
0.6970172500000018
0.6969187500000018
0.6968464999999995
0.6965874999999997
0.69931725
0.6965912500000044
