Results for SA_pub_sign - 50:
2.994014
3.0289600000000005
3.0046989999999996
2.9803789999999992
3.0013950000000005
2.9740030000000015
3.042611000000001
3.004707
2.9799499999999988
3.013384000000002
3.0345110000000055
3.0084680000000006
2.974537000000005
3.041020000000003
3.1150069999999985
2.9796109999999985
3.477240000000002
2.9754660000000044
3.003193000000003
2.987158000000001
2.986684000000004
3.7094820000000013
3.5962849999999946
2.9997010000000017
2.9768689999999935
3.077678999999989
2.9793219999999963
3.017662999999999
3.014641999999995
2.9802370000000025
3.0016729999999967
2.9865369999999984
2.996545999999995
2.9932799999999986
2.9814520000000044
3.0030119999999982
2.9834410000000133
3.008634999999998
3.0379540000000134
2.9859830000000045
3.016198999999986
2.9843520000000012
3.01409799999999
2.988707000000005
3.0054959999999937
2.9896209999999996
2.9815399999999954
3.0207709999999963
3.274433999999985
3.2444400000000257
