Results for SA_pub_encrypt - 50:
1.3287703333333334
1.3299583333333336
1.3335823333333334
1.3379393333333336
1.3357889999999994
1.336146333333333
1.3280613333333342
1.3336889999999997
1.3333870000000019
1.3310706666666665
1.3270509999999998
1.3274763333333344
1.331319666666668
1.340431666666665
1.3400349999999979
1.3354943333333342
1.3330720000000014
1.3266160000000013
1.3300036666666653
1.3259066666666683
1.329698666666668
1.3416720000000026
1.3371343333333339
1.3340509999999977
1.3302696666666662
1.3378866666666624
1.3301786666666686
1.331232
1.3300106666666618
1.3331450000000018
1.3330523333333322
1.3364203333333318
1.335075333333331
1.3359183333333249
1.3285453333333237
1.3319209999999941
1.3299460000000067
1.3359660000000038
1.3367316666666604
1.3278030000000076
1.3368556666666696
1.3233343333333303
1.3268990000000067
1.3282039999999995
1.331862666666666
1.3281326666666569
1.329336333333335
1.3542233333333324
1.3314460000000092
1.3399913333333398
