Results for SA_sym_keygen - 50:
0.04944128333333334
0.049406416666666654
0.049440749999999985
0.04935146666666667
0.04949294999999999
0.049429933333333294
0.049350033333333286
0.05032428333333338
0.04981839999999996
0.0509102666666666
0.05020394999999998
0.04961656666666675
0.04978841666666677
0.050789050000000086
0.049371750000000124
0.049386466666666705
0.04955956666666665
0.04943724999999996
0.04964523333333339
0.04938201666666657
0.049738699999999976
0.04917043333333335
0.049226716666666684
0.04924518333333315
0.049588649999999984
0.052545716666666686
0.04944133333333317
0.057666900000000014
0.04931434999999974
0.04952361666666671
0.04949706666666647
0.049684383333333436
0.04949081666666638
0.049270083333333284
0.04925195000000002
0.0494395000000002
0.04927586666666647
0.04969451666666652
0.049376333333333376
0.049396316666666704
0.049460466666666744
0.05093986666666647
0.049413599999999745
0.049347099999999956
0.04940018333333332
0.049522683333333366
0.049474333333333696
0.049408616666666676
0.049400783333333226
0.049317216666667225
