Results for SA_pub_decrypt - 50:
3.105252
3.5606880000000003
3.1105679999999998
3.659934
3.6447059999999976
3.144117999999999
3.1081830000000004
3.1198740000000065
3.1135079999999995
3.115666000000001
3.1085920000000016
3.3770060000000015
3.5917439999999985
3.562581999999992
3.5576400000000064
3.154978000000007
3.1244729999999947
3.112826999999996
3.1238889999999984
3.1155430000000024
3.1055869999999857
3.107832000000002
3.1021040000000113
3.10187599999999
3.1015760000000085
3.1108820000000037
3.1009300000000053
3.1061270000000007
3.1173490000000044
3.106698999999992
3.109502000000006
3.1128169999999926
3.159649999999999
3.1069599999999866
3.1008350000000036
3.198166999999998
3.098593000000008
3.165930000000003
3.108142000000015
3.1125119999999953
3.0978700000000003
3.2380939999999896
3.1525480000000243
3.207484000000022
3.1062659999999767
3.106200000000001
3.204453000000001
3.109689000000003
3.105027999999976
3.0970920000000035
