Results for SA_sym_encrypt - 50:
0.069463275
0.069387225
0.069424625
0.069408375
0.06958354999999998
0.06969457500000002
0.06978755000000003
0.06970020000000003
0.06979932500000005
0.06980962499999999
0.06984867499999999
0.0698677749999999
0.06991037500000008
0.07007997499999981
0.07083517500000003
0.070978925
0.06978612500000009
0.06985702500000013
0.06996685000000014
0.0722286500000001
0.07094939999999994
0.06984154999999995
0.07139342500000012
0.06985102500000018
0.06977539999999963
0.0698334500000005
0.07111650000000012
0.07588852500000022
0.06981872500000037
0.0757923250000001
0.07135135000000012
0.07262952499999997
0.07163667500000023
0.07107075000000052
0.07146707500000034
0.07013225000000034
0.07036957500000014
0.0697683750000003
0.0707443750000003
0.06962344999999992
0.07010134999999948
0.08120225000000013
0.07254059999999961
0.07688600000000036
0.07469222499999972
0.0767284250000003
0.0802624250000001
0.08200410000000033
0.07220087499999935
0.06976327499999968
