Results for PC_sym_decrypt - 500:
0.014312960000000001
0.016578165
0.014736495
0.015430559999999998
0.015483755000000005
0.01455766999999999
0.014725184999999997
0.015204065
0.014301549999999991
0.01432988
0.014292940000000023
0.016624559999999986
0.014487540000000009
0.016092429999999994
0.014319290000000004
0.01450930500000002
0.015523520000000027
0.015573785000000022
0.015510850000000005
0.01430469500000001
0.015567010000000003
0.01556334500000002
0.014550584999999998
0.01555553500000002
0.01557450000000003
0.014358724999999949
0.014309174999999997
0.015581460000000007
0.014354319999999986
0.014365699999999962
0.01435381999999997
0.015694419999999952
0.014358485000000058
0.015725410000000013
0.014350099999999984
0.014376099999999994
0.014354074999999966
0.015657824999999976
0.01433859499999997
0.014269085000000034
0.015644695000000014
0.015181395000000037
0.014319484999999901
0.01697887999999992
0.01587165999999996
0.014335609999999974
0.014331420000000037
0.01565765499999998
0.01573577499999999
0.01574943999999988
0.014331530000000042
0.015722979999999893
0.01432686000000004
0.015761695000000058
0.015975600000000013
0.014528305000000045
0.014481049999999981
0.014325675000000046
0.014353070000000087
0.015758679999999997
0.014359409999999998
0.014371555000000029
0.014312495000000069
0.015790920000000028
0.014307344999999997
0.014326289999999915
0.014372654999999951
0.014343479999999999
0.014381205000000107
0.014295369999999964
0.015518650000000066
0.014332844999999992
0.014292185000000046
0.014286784999999896
0.014260345
0.014312120000000022
0.01427974000000006
0.014277510000000005
0.014264880000000063
0.014357609999999993
0.014624419999999957
0.015560109999999981
0.014281385000000028
0.014346419999999966
0.014349895000000005
0.014356044999999967
0.014401115000000147
0.01431896999999992
0.014338779999999928
0.01429446000000013
0.014300190000000157
0.014299774999999782
0.014341870000000085
0.014350594999999942
0.014352944999999976
0.014344220000000121
0.014368724999999928
0.01433627999999999
0.014339654999999993
0.014339020000000176
0.014573244999999986
0.01468881500000009
0.014329724999999769
0.014312869999999976
0.014332890000000022
0.014343144999999993
0.014324895000000025
0.014341750000000104
0.014301314999999874
0.01432017000000002
0.014324424999999792
0.014306490000000166
0.014314379999999858
0.015732440000000167
0.01432699499999984
0.01433997000000005
0.014320260000000076
0.015788274999999886
0.014463929999999722
0.014321239999999876
0.01434246999999999
0.01431279499999988
0.014324310000000083
0.014331525000000057
0.014301860000000203
0.014277739999999995
0.014357169999999825
0.014259825000000035
0.014331114999999955
0.014277285000000006
0.014269319999999936
0.014265455000000031
0.014438379999999995
0.014356535000000009
0.014265320000000088
0.014258789999999806
0.014323890000000006
0.014233085000000189
0.014250049999999988
0.014344690000000071
0.014448784999999874
0.014300209999999822
0.014344189999999911
0.014293989999999895
0.014372945000000073
0.014272689999999954
0.014380165000000033
0.01438772499999999
0.014411209999999813
0.014293650000000185
0.014278899999999909
0.01456441500000011
0.01429770999999988
0.014426310000000058
0.014269180000000006
0.014356960000000071
0.014447844999999971
0.01444887499999993
0.014472935000000008
0.014295549999999935
0.014243309999999952
0.01447807499999982
0.014307550000000334
0.014267884999999864
0.014504715000000203
0.014475565000000188
0.014259370000000047
0.014274389999999927
0.014548565000000053
0.014283949999999948
0.014294620000000008
0.014269760000000246
0.014792970000000025
0.014289774999999736
0.014310404999999946
0.014607214999999486
0.01432186999999999
0.014451935000000164
0.014583529999999883
0.014623015000000237
0.01504427000000021
0.014356619999999794
0.014357565000000249
0.014635779999999841
0.014636315000000195
0.014308345000000031
0.014694719999999961
0.014333235000000286
0.014323939999999879
0.014662474999999517
0.0147104250000001
0.014333149999999932
0.014370835000000283
0.014335155000000554
0.01473815000000002
0.01436010500000009
0.014423260000000368
0.01473139500000002
0.014337414999999964
0.014313865000000306
0.014858939999999734
0.015182100000000105
0.014463824999999703
0.014824775000000158
0.01447714000000019
0.014765164999999456
0.01432463499999983
0.014805915000000027
0.014792155000000093
0.014815494999999713
0.014367594999999938
0.014835479999999849
0.014639099999999985
0.014387060000000246
0.014554990000000316
0.014869185000000016
0.015135444999999664
0.014361794999999802
0.014340030000000184
0.01487350499999991
0.014356349999999907
0.014346239999999852
0.014889910000000554
0.014882865000000151
0.014669925000000035
0.014927634999999669
0.014611664999999902
0.014916484999999965
0.014351305000000139
0.014355914999999869
0.014904449999999656
0.01437281999999982
0.014364310000000272
0.014355900000000473
0.014974060000000122
0.014968135000000302
0.014338614999999777
0.014950039999999944
0.015117344999999886
0.015266460000000278
0.014372280000000046
0.01436320500000022
0.015367244999999913
0.014435495000000173
0.014351580000000011
0.014983705000000213
0.015000950000000443
0.014307019999999965
0.014690405000000056
0.01498713500000008
0.014293180000000235
0.014308409999999867
0.014355284999999753
0.014324169999999867
0.014468345000000226
0.014336600000000315
0.015030815000000076
0.015479419999999777
0.014340029999999615
0.014773945000000026
0.015184345000000122
0.01507097999999985
0.014328654999999912
0.014777174999999828
0.015088594999999714
0.015840939999999932
0.014344914999999786
0.014353249999999774
0.015133764999999926
0.015161674999999946
0.014331650000000308
0.015162215000000288
0.015138729999999897
0.014311075000000529
0.014321515000000317
0.01513048499999968
0.015173125000000027
0.015143030000000408
0.014314454999999953
0.014304309999999987
0.015185559999999897
0.014572875000000067
0.014318999999999846
0.015175859999999942
0.01518480000000011
0.014310129999999503
0.01488036500000021
0.015204049999999825
0.015188484999999901
0.014489285000000223
0.01492362500000013
0.015236644999999953
0.015237709999999538
0.014348319999999717
0.014346855000000006
0.01542475999999965
0.015294600000000285
0.014328624999999989
0.016199394999999867
0.015268565000000081
0.015337619999999674
0.014332879999999477
0.014655159999999796
0.01527603499999998
0.015326365000000237
0.014340864999999781
0.014303780000000188
0.015310540000000402
0.014319055000000276
0.0143752649999999
0.01537450999999976
0.015353414999999586
0.015355349999999816
0.014354660000000194
0.014364664999999945
0.015387119999999754
0.015388340000000084
0.014352745000000482
0.01641706499999998
0.01435455999999988
0.016424284999999938
0.015452960000000075
0.01642171000000019
0.01525258000000008
0.015527564999999868
0.016473300000000107
0.014339069999999765
0.01650139999999965
0.01550931999999989
0.015438905000000318
0.014361000000000103
0.01433035000000018
0.015282325000000013
0.014293885000000159
0.01432009999999991
0.016441300000000183
0.015466780000000428
0.015451794999999607
0.01608584500000006
0.015478014999999913
0.01514485499999978
0.01549728000000016
0.015514970000000404
0.01548608999999999
0.015239035000000171
0.015530959999999821
0.015547824999999876
0.01463837500000011
0.015491435000000137
0.015961690000000316
0.015578590000000078
0.016488464999999907
0.01432961999999975
0.015410944999999857
0.015603394999999411
0.015626000000000886
0.015645545000000993
0.015347300000000815
0.016164935000000467
0.014415925000000699
0.016516004999999723
0.01565119999999979
0.015672369999999772
0.015697819999999182
0.015698200000000495
0.015649935000000142
0.015678735000000187
0.015682005000001026
0.01572678999999994
0.015685829999999894
0.015677570000000286
0.015009694999999965
0.01447815999999989
0.015696080000000164
0.01578946500000029
0.01570336500000053
0.014338279999999487
0.014345104999999875
0.014325885000000654
0.016545509999999694
0.014342305000000125
0.015768765000000257
0.014335945000000265
0.014902194999999665
0.014368249999999989
0.015792515000000548
0.016141519999999902
0.015869310000000497
0.01433420999999953
0.014361294999999928
0.014359114999999747
0.014344050000000833
0.014337779999999611
0.014337064999999712
0.014327009999999519
0.014331965000000082
0.014346245000000408
0.014392390000000433
0.014383970000000091
0.01433584499999938
0.014368584999999712
0.014404319999999872
0.015936924999999748
0.014381714999999531
0.014357545000000301
0.01434978000000001
0.014302434999999605
0.014316975000000412
0.01434077499999944
0.014358605000001034
0.01432239500000037
0.014322385000000395
0.014337864999999965
0.014347850000000335
0.014342115000000603
0.01435226000000057
0.014339755000000877
0.014327890000000705
0.014295000000000755
0.014338915000000726
0.015637259999999743
0.014423594999999522
0.014338050000000067
0.014315500000000156
0.014347289999999475
0.014487370000000511
0.014376095000000077
0.014320955000000595
0.014401769999999488
0.014323665000000574
0.014328024999999798
0.015093140000000175
0.014347635000000308
0.01433323499999915
0.014336640000000216
0.014316840000000185
0.01431385999999975
0.014310985000000755
0.015170900000000528
0.014350674999999456
0.01433571499999971
0.014336450000000694
0.014345254999999496
0.014324569999999995
0.014343324999999822
0.014309714999999414
0.014319825000000038
0.014309425000000146
0.014302890000000162
0.014309680000000071
0.014370175000000245
0.014360824999999978
0.014340579999999364
0.014353695000000926
0.014385330000000068
0.014392665000000306
0.015893170000000508
0.014369735000000218
0.014545145000000731
0.014996005000000423
0.014302889999999025
0.014390740000000051
0.014382184999999482
0.014355725000000348
0.014403839999999946
0.014512754999999515
0.01438498500000037
0.01438498999999979
0.014412969999999633
0.014402875000000677
0.014315914999999678
0.014411995000000387
0.014426409999999806
0.014356255000000146
0.014991130000000795
0.014360980000000155
0.014357085000000325
0.014390415000000304
0.014489360000000033
0.015461024999999608
0.014477200000000039
0.014338494999999512
0.014485244999999623
0.014509789999999611
0.014321474999999282
0.014481435000000147
0.014493974999999182
0.014499630000000253
0.014343484999999418
0.014503660000000309
0.014526304999999412
0.014332914999999957
0.014327244999999494
0.014534934999999223
0.01478758999999968
0.014302799999999252
0.014316734999999881
0.014545440000000553
0.014567144999999755
0.014325880000000098
