Results for PC_pub_verify - 500:
0.7031885
0.8541224999999999
0.70140175
0.7089197499999997
0.6974607499999999
0.6970970000000003
0.6974217500000002
0.6968627500000002
0.6962867499999996
0.7977342500000004
0.6963497500000004
0.7131637499999997
0.8426432500000001
0.8294497499999984
0.6960040000000003
0.6959210000000002
0.818707250000001
0.84056775
0.7143837499999997
0.7149622499999992
0.71974625
0.6973552499999975
0.7316114999999996
0.7275840000000002
0.7107737500000013
0.7422122499999979
0.7532315000000054
0.7571079999999988
0.7101547499999974
0.7610727500000003
0.7099462500000016
0.726825250000001
0.8516275000000029
0.7917984999999987
0.8121079999999985
0.8539137500000038
0.7298152499999944
0.7110230000000008
0.7292202499999973
0.7112364999999983
0.8689472500000015
0.7119762499999993
0.802843499999998
0.852365749999997
0.8417127499999992
0.9432575000000014
0.7830512499999926
0.6964120000000094
0.7248782499999962
0.8160067500000068
0.6965144999999993
0.6980509999999995
0.713266499999996
0.7132577500000039
0.6973152500000026
0.7071317500000021
0.7129830000000013
0.7348250000000007
0.7916969999999992
0.7691797500000064
0.7826169999999948
0.7658504999999991
0.7659220000000033
0.7857375000000033
0.7754727499999916
0.800035500000007
0.9685699999999997
0.8590679999999935
0.8394750000000002
0.7144049999999993
0.7127300000000005
0.8392172499999973
0.6958582500000006
0.756900250000001
0.8108900000000006
0.7145629999999912
0.8731092499999917
0.7236309999999975
0.7197477500000034
0.7152494999999988
0.8403885000000031
0.8214480000000037
0.6987737500000009
0.6988697500000001
0.8579529999999949
0.7013160000000056
0.6976027499999873
0.714350500000009
0.6972810000000038
0.7794632499999921
0.812858250000005
0.7144267500000012
0.8572465000000022
0.6982797499999975
0.7096460000000064
0.8574357499999934
0.8572805000000017
0.7474320000000034
0.7064277499999889
0.7275152499999962
0.8405787500000059
0.8576887500000083
0.6985835000000122
0.7272280000000109
0.7152027500000031
0.7002937500000002
0.7554682499999927
0.8188122499999935
0.7139302500000042
0.697037249999994
0.7487752499999942
0.6969867500000078
0.8564329999999956
0.8408434999999912
0.6982270000000028
0.726126249999993
0.6965537499999925
0.8396087500000107
0.8268977500000005
0.7506635000000017
0.7136250000000075
0.8565019999999919
0.7441502500000041
0.7248572499999995
0.6968352500000066
0.6981032500000026
0.8169117500000027
0.7276962499999939
0.6961972499999973
0.6965152499999903
0.6959582500000039
0.7131302499999919
0.8796260000000018
0.6977502499999986
0.7441752499999978
0.6968394999999958
0.7137812499999967
0.6982124999999968
0.7143680000000074
0.713765500000008
0.8334240000000079
0.8030152500000014
0.713134249999996
0.6972240000000056
0.8558417500000104
0.6980112500000075
0.6968292500000075
0.7135915000000068
0.7841062499999936
0.8582962499999951
0.7310244999999895
0.6963690000000042
0.8398452500000104
0.8395410000000112
0.7947082499999993
0.7212679999999949
0.8392332500000066
0.795574000000002
0.6962902499999899
0.7231714999999923
0.7132344999999987
0.8037209999999959
0.6969314999999909
0.7124737500000009
0.7125292499999887
0.6976747500000187
0.7362389999999976
0.8118312499999973
0.7128439999999898
0.8392002500000189
0.696080749999993
0.7138502499999788
0.8413815000000113
0.7302474999999902
0.8010959999999727
0.7234205000000031
0.7127112499999839
0.6961574999999982
0.7091077500000154
0.6961492499999906
0.7263875000000155
0.8153062499999919
0.7169102500000122
0.6971012500000029
0.848423500000024
0.7020317500000033
0.6976622500000076
0.7134759999999858
0.8027645000000234
0.8269849999999792
0.7449410000000114
0.6966719999999782
0.8559725000000071
0.7241424999999992
0.6981944999999996
0.7137730000000033
0.8396177500000022
0.7013680000000022
0.7272339999999815
0.8425445000000025
0.85578000000001
0.696187000000009
0.8248075000000199
0.7710352500000113
0.6959282500000086
0.6980839999999944
0.7708192499999882
0.7990849999999909
0.8032907500000022
0.8406090000000006
0.6975342499999897
0.741741750000017
0.8427560000000085
0.6966302499999983
0.6963594999999998
0.7006705000000011
0.8540682500000116
0.8559292500000026
0.7156177500000069
0.725580750000006
0.696470249999976
0.8028635000000008
0.7052099999999939
0.6965437500000178
0.7126637499999902
0.697215749999998
0.7068227499999864
0.7128414999999961
0.802002750000014
0.6956075000000226
0.7774667499999737
0.6964590000000044
0.7860477499999945
0.6976789999999937
0.7041585000000055
0.7135975000000201
0.6967099999999959
0.8195324999999798
0.73044625
0.7130800000000193
0.8392949999999928
0.6967307500000004
0.701330750000011
0.7128629999999987
0.8395062499999995
0.700156249999992
0.6999549999999886
0.7131205000000023
0.8020062500000051
0.824741500000016
0.7615499999999997
0.8695040000000063
0.7407527500000128
0.8392555000000073
0.7994845000000055
0.7159367499999973
0.8562129999999968
0.7074784999999792
0.7305925000000002
0.7311572499999954
0.7127347500000099
0.8189179999999965
0.6956209999999885
0.6980304999999873
0.696392000000003
0.6977562499999976
0.710688250000004
0.7127234999999814
0.6957445000000178
0.7871520000000203
0.7896997499999827
0.7647142499999973
0.7648580000000038
0.6962202500000103
0.6960689999999943
0.6961210000000051
0.8387472500000115
0.8080877499999986
0.7582304999999963
0.7127977499999929
0.8397134999999878
0.8034645000000182
0.796176250000002
0.7790307499999756
0.7132359999999949
0.6977927499999907
0.7509412499999826
0.7133692499999995
0.802886500000028
0.6967595000000131
0.7253524999999854
0.7136067499999967
0.8394849999999963
0.8784070000000099
0.6966170000000034
0.6967967499999759
0.7129600000000096
0.7926554999999951
0.6961529999999811
0.713134000000025
0.7290114999999844
0.8035132499999804
0.7137864999999977
0.6967845000000068
0.8857555000000161
0.7246695000000045
0.7420684999999878
0.7131530000000055
0.7131464999999935
0.839316249999996
0.6960832499999867
0.7131607500000143
0.8394287500000246
0.7772812499999873
0.7617329999999924
0.7739612500000135
0.7131684999999948
0.6963770000000125
0.7590294999999969
0.8335792500000139
0.696919500000007
0.7424550000000067
0.7153765000000192
0.6961855000000128
0.8559497500000077
0.6974444999999889
0.7296902500000044
0.6960814999999911
0.6958497500000078
0.6976017499999898
0.7144162499999993
0.746015749999998
0.7429747500000019
0.7848715000000084
0.7912034999999946
0.7367385000000013
0.6964810000000057
0.7758044999999925
0.7519137499999999
0.7197697499999833
0.8389999999999702
0.696589500000016
0.7132619999999861
0.855976749999968
0.6960782500000278
0.7211965000000191
0.6959410000000048
0.879133999999965
0.803376749999984
0.873510500000009
0.7884779999999978
0.7833704999999895
0.7347159999999917
0.6977170000000115
0.7638709999999946
0.696706249999977
0.8563002500000039
0.701471999999967
0.7751705000000015
0.7957077499999627
0.8558747499999981
0.7137317500000222
0.6963309999999865
0.6966304999999693
0.712711000000013
0.6971944999999664
0.7374550000000113
0.8362782500000208
0.7135189999999625
0.6967125000000465
0.7550287500000081
0.7127707500000042
0.6959017499999618
0.6964742500000511
0.6963967499999626
0.8026684999999816
0.8393707500000005
0.789634250000006
0.728189250000014
0.7134752500000445
0.6968650000000025
0.8029057500000363
0.6965840000000298
0.7132814999999937
0.6968192500000328
0.7240934999999808
0.6967434999999682
0.6965435000000184
0.80289700000003
0.6969184999999811
0.7135877499999879
0.8566527499999665
0.8496770000000424
0.6979039999999941
0.696879249999995
0.7115395000000149
0.841504499999985
0.7851717500000177
0.7324162499999716
0.7197064999999725
0.6999090000000479
0.7089192500000081
0.7145732500000008
0.6966517500000009
0.7783430000000067
0.7962857499999814
0.7727795000000128
0.8561809999999923
0.695918000000006
0.742001499999958
0.7133465000000001
0.6968120000000226
0.8113487499999792
0.7136385000000018
0.6975272500000074
0.6966542499999946
0.7130705000000148
0.7135542499999588
0.7132674999999722
0.7100512499999923
0.69613824999999
0.8719737499999951
0.8191777499999944
0.696781499999986
0.745023749999973
0.7439759999999751
0.6982780000000162
0.6967040000000111
0.7150792500000307
0.7136222499999576
0.6966170000000034
0.725362749999988
0.8289909999999736
0.7146817499999543
0.6966670000000477
0.7055027499999937
0.6966562499999895
0.8598240000000033
0.7920780000000036
0.7437432500000227
0.8183017499999892
0.7136497500000019
0.6965107500000158
0.7471617499999752
0.6961527500000102
0.6964949999999703
0.7172575000000165
0.6972077500000182
0.8147277500000314
0.7442577500000311
0.697595500000034
0.7135212500000421
0.7132464999999684
0.696963750000009
0.6966184999999996
0.6970914999999991
0.844761750000032
0.758162249999998
0.6961417499999811
0.7356822500000249
0.6964225000000397
0.7615572500000098
0.6958782499999643
0.7127117499999827
0.7302287499999807
0.6966657500000224
0.7132079999999519
0.697789499999999
0.6967960000000062
0.697328500000026
0.6971824999999967
0.6963947499999676
0.7411114999999882
0.7140807499999937
0.6970667500000332
0.7515487499999836
0.6971560000000068
0.6963852499999916
0.8020764999999983
0.7134274999999661
0.7131232499999669
0.8021970000000351
0.696437249999974
0.7133774999999787
0.7132722499999886
0.6964825000000019
0.748869749999983
0.7949127500000372
0.7407357499999989
0.6964952499999981
0.7373802500000011
0.8207090000000221
0.7132802499999684
0.6975085000000263
0.6961570000000279
0.7160499999999956
0.6959727500000099
0.7352987499999699
0.6970435000000066
0.800527250000016
