Results for PC_pub_keygen - 500:
105.38768
125.68584000000003
93.44248
125.61523999999999
108.38672000000003
104.26100000000012
148.3181599999999
101.61732
112.80419999999992
131.85208000000003
146.09951999999979
107.33404000000036
130.8245199999999
128.9990800000001
95.68067999999982
113.41703999999993
104.89167999999978
133.88728000000015
136.9417199999998
109.49748
131.97427999999974
118.96271999999982
130.01540000000034
133.6565999999999
137.0897599999995
107.49456000000009
115.95724000000018
140.14591999999993
131.81284000000005
107.99511999999993
125.52347999999994
112.53799999999956
110.64624000000038
128.8257200000004
109.39084000000094
113.88807999999983
118.87475999999992
125.38132000000019
115.64039999999977
158.83179999999982
165.3352799999999
161.46431999999947
123.56751999999915
131.08740000000012
132.90152000000035
137.8901600000006
138.2603999999992
126.83739999999943
114.16064000000006
116.31271999999967
128.84048000000007
136.22656000000006
111.7329600000005
143.03923999999938
122.9674799999998
132.2512400000005
118.14824000000044
125.41232000000035
87.92499999999905
116.3383199999987
125.16051999999944
101.6440799999998
120.45240000000035
128.67735999999923
116.02752000000123
131.0982799999988
150.0371199999995
112.25835999999958
143.5356800000011
105.34591999999975
121.81316000000038
135.46780000000012
121.40631999999982
119.20947999999953
121.69595999999956
110.96947999999998
117.14407999999935
136.22843999999986
150.08500000000026
145.76955999999996
134.74795999999856
107.37668000000212
148.71403999999984
123.0638399999998
147.32339999999795
124.33227999999872
117.36720000000105
120.1796800000011
145.03664000000072
142.62703999999985
104.55591999999797
129.38200000000052
106.74743999999691
131.12468000000035
116.04471999999987
157.70324000000073
118.81803999999875
148.20535999999947
146.80532000000085
141.48087999999916
126.6002000000003
105.61140000000023
103.62279999999828
137.61892000000216
152.07231999999976
155.08483999999953
154.58051999999725
99.85832000000073
132.8708400000005
118.5111199999983
142.72540000000163
139.33995999999752
117.37720000000081
144.39123999999993
124.98651999999993
125.9604800000011
106.92236000000094
109.96383999999807
122.11044000000129
124.81240000000298
124.71555999999964
99.23820000000205
145.78023999999914
129.39092000000073
135.34004000000095
128.49263999999948
129.80784000000085
150.73132000000214
131.35508000000073
119.58264000000099
121.1869999999999
116.62231999999904
112.89903999999979
113.84248000000298
134.35384000000113
133.79096000000118
125.41103999999906
133.58163999999988
110.16803999999865
117.1155200000021
114.01284000000032
121.78484000000026
126.92152000000078
121.32464000000027
133.183319999996
136.85351999999966
114.01935999999978
121.34019999999964
107.62743999999884
146.26895999999988
115.99524000000201
117.20555999999988
140.95247999999856
135.49308000000337
108.25803999999835
125.81599999999982
132.7183200000013
142.90167999999994
123.41828000000078
110.21640000000161
119.77468000000044
128.04192000000057
126.51579999999967
130.70380000000114
115.0134399999979
138.8303200000064
126.6494399999965
135.31988000000638
117.40335999999843
107.10939999999482
128.81599999999708
91.02587999999741
142.33948000000055
146.67031999999836
140.89731999999913
143.6125200000015
130.45379999999568
126.36315999999626
117.80972000000475
130.09647999999743
111.00592000000233
130.15628000000106
100.7531999999992
127.62883999999758
136.90328000000136
125.35087999999634
128.65568000000167
114.66955999999755
132.33816000000388
114.5353600000044
126.75851999999848
119.52667999999903
118.65355999999792
98.04336000000148
127.2030399999994
118.21415999999772
116.01407999999992
124.88580000000184
130.52380000000085
112.83383999999842
107.87552000000233
111.04903999999806
121.26640000000407
115.11735999999928
127.46140000000194
127.85948000000188
142.33471999999892
120.41919999999664
117.74531999999908
122.11831999999958
115.09480000000167
126.86515999999756
120.12644000000364
139.6943999999985
109.66499999999996
113.73968000000332
100.6615199999942
118.58880000000227
116.77875999999742
118.79460000000563
113.17667999999685
123.76380000000154
127.0175599999993
128.9219200000025
139.15011999999933
115.27263999999832
125.79435999999988
131.37244000000464
161.26783999999589
110.90376000000106
107.727560000003
117.58479999999508
118.33344000000125
152.29191999999784
120.66547999999784
130.68880000000263
143.9967200000001
134.5605999999998
158.73055999999906
111.78859999999986
109.96676000000207
110.59132000000318
126.85367999999924
130.5770399999983
139.21936000000187
119.4918000000007
134.61519999999837
159.61731999999756
143.97571999999855
113.18475999999464
112.68072000000757
125.98499999999605
129.65748000000076
153.1730000000016
123.1882799999994
130.77835999999934
149.0121599999975
147.39603999999872
151.64748000000145
141.09328000000005
147.79035999999905
121.13032000000203
114.6676000000025
147.5689199999988
165.98872000000028
133.130799999999
129.957959999997
134.84956000000238
145.20731999999953
168.45004000000245
121.97575999999572
130.5144800000062
139.57992000000104
127.61620000000221
128.97367999999915
113.73203999999532
144.10620000000563
138.43395999999757
147.65288000000055
134.13739999999962
115.2140000000054
115.89887999999519
118.40495999999803
148.03599999999733
109.65944000000036
130.35268000000542
113.780440000005
113.21772000000237
158.85075999999572
130.73539999999866
155.27575999999954
130.21499999999833
118.98647999999412
136.87580000000253
150.3616800000009
161.7989200000011
119.30907999999818
125.2274800000032
130.77592000000095
148.21636000000126
108.43959999999697
127.69264000000022
106.14484000000175
125.75515999999426
106.16708000000472
141.76163999999972
108.49727999999232
116.15592000000106
121.24964000000091
128.63672000000406
134.07407999999577
117.38616000000093
139.0121599999975
141.44092
135.96443999999792
125.04795999999716
120.17688000000362
119.43659999999909
146.45567999999912
113.03100000000086
135.97551999999723
92.78912000000219
117.49328000000332
112.96339999999873
113.31023999999161
121.38552000000345
136.04872000000796
116.5345200000047
112.09703999998965
131.16164000000026
131.45144000000073
115.57639999999083
129.1834800000015
112.68599999999424
121.18768000000273
98.53943999999501
112.62491999999838
125.72900000000118
127.92860000000472
127.6893199999995
115.89264000000185
125.04592000000231
113.0713999999989
110.01108000000386
139.16071999999986
123.13127999999779
114.92880000000696
107.52239999998892
157.754359999999
120.68336000001182
104.48863999999958
141.56240000001162
98.13728000000992
122.53528000000188
108.36327999999412
140.11579999999412
126.72276000001148
128.97007999999005
122.89347999999336
116.52819999999338
123.72828000000482
115.25627999999415
114.23875999999836
142.20304000000397
147.31184000000212
115.58547999999973
129.30907999999363
146.03671999999278
118.96364000000176
124.96216000000459
141.2134800000058
107.3813600000085
140.61640000000807
115.38328000000547
146.1980400000084
121.40760000000228
121.98852000000443
119.94107999999869
102.21080000000256
113.04403999999522
121.66587999999138
109.6924399999989
114.92852000000312
122.02212000000145
138.86019999999917
109.71540000001369
99.82263999999304
126.41991999999847
124.32851999999002
110.80487999999605
110.41816000000836
155.50723999999718
117.80603999999585
133.29007999999703
138.04568000000472
110.86647999999514
126.01919999999153
144.86824000001434
122.98055999999633
112.7560000000085
135.05127999999786
145.32992000000377
152.76251999999658
151.7262000000028
117.67927999999301
133.57167999999547
116.98228000000199
148.0368400000043
117.1730800000023
111.91984000000048
130.98947999999837
136.42956000000595
117.97648000000663
130.57972000000518
121.42843999999968
138.31632000000354
156.82984000000033
128.39355999999498
132.86992000000282
138.70764000000236
154.3426400000044
107.77240000000347
144.78871999999683
138.09939999999187
133.54040000000168
150.9766000000036
128.59879999999976
135.42020000000775
160.10428000000502
125.28215999999703
132.7541999999994
130.05115999999362
141.6801200000009
131.13508000000365
99.63372000000163
137.15511999999762
122.21639999999752
120.70180000000619
105.42916000000332
145.45188000000053
127.34992000000602
120.60215999999855
148.94836000000396
146.30599999999504
104.39460000000508
166.8309599999884
139.03023999999277
117.17320000000655
118.03580000000693
126.33323999999446
107.05959999999322
110.844960000004
131.7547999999988
133.49516000000222
127.89032000000589
105.23403999999573
155.16168000000107
130.57056000000557
128.38340000000244
130.83544000000074
135.34496000000217
130.67535999999564
138.18467999999484
126.16999999999278
113.87179999999717
119.53464000000167
166.88903999999638
147.02739999999721
128.3523199999945
122.99543999999514
117.33759999999165
137.77936000001318
146.40191999999843
134.44751999999426
139.45004000000154
118.67575999999644
136.2943600000017
131.5370399999938
118.109400000003
109.0117999999984
134.52415999999175
105.95600000000559
138.12571999999818
138.12959999999293
146.32959999999912
139.54679999999826
116.09003999999914
115.52235999999539
167.84348000000136
166.36195999999472
125.80007999999907
101.39803999999458
134.6216000000004
115.74091999998927
147.7958799999942
146.86607999999978
137.7656400000069
153.69411999999102
120.67255999999361
104.23612000000503
