Results for PC_sym_encrypt - 500:
0.06430307500000002
0.0644914
0.06455855
0.06442824999999999
0.06553580000000002
0.06446925000000002
0.06414760000000004
0.06447910000000005
0.06455072499999996
0.06475469999999994
0.06448332500000004
0.06447275000000001
0.06442642500000009
0.06448412499999989
0.06445947499999996
0.0645741499999998
0.06462912500000009
0.06449427499999985
0.06453415000000007
0.06632212499999994
0.06445255000000022
0.06450232499999994
0.06450492499999995
0.06440699999999976
0.06454345000000004
0.06457709999999998
0.0645275250000001
0.06448007499999982
0.06463477500000003
0.06446497499999992
0.06447524999999991
0.06455049999999964
0.06445287499999992
0.06448439999999991
0.06443595000000002
0.06504910000000023
0.0645753250000002
0.06443832500000006
0.06835367499999982
0.0645476500000001
0.06451867500000007
0.06448099999999997
0.06442452499999973
0.0646298250000001
0.06439939999999993
0.06458875000000042
0.06456995000000028
0.06581685000000022
0.06449957499999996
0.06444602500000016
0.06453314999999975
0.06461325000000001
0.06459667499999995
0.06444867499999987
0.06442154999999943
0.06443467499999969
0.06661652500000059
0.06453429999999968
0.06449322499999965
0.0643306250000002
0.06435940000000002
0.06441225000000017
0.06762847500000006
0.06443149999999917
0.06521325000000004
0.06443129999999968
0.0645702
0.06431197500000038
0.06439625000000007
0.06427025000000058
0.06425972500000014
0.06435164999999969
0.06435797500000007
0.06438122500000033
0.06444647499999902
0.06432259999999915
0.0643956750000001
0.06441404999999989
0.06450195000000036
0.06541520000000034
0.06455050000000001
0.06450342499999949
0.06812452500000034
0.0646289000000003
0.06451892499999944
0.06444619999999972
0.06450747499999991
0.06443447500000019
0.06449679999999915
0.06439749999999975
0.06741302499999975
0.0643544999999996
0.06451220000000006
0.0645073250000003
0.06453305000000001
0.06457275000000066
0.06462415000000021
0.06447730000000007
0.06458772500000051
0.06444735000000036
0.06452607500000057
0.0645461250000011
0.0644673499999996
0.06458370000000002
0.0732923249999999
0.06444950000000205
0.06443714999999912
0.06455237499999954
0.06441977499999893
0.06448630000000151
0.06503547500000054
0.06461259999999953
0.0659938000000011
0.07125892500000078
0.06454207499999995
0.06455827500000168
0.06444649999999967
0.06468225000000132
0.06467270000000128
0.06459357500000067
0.06470549999999946
0.06475532499999871
0.06451767500000045
0.06454042500000128
0.06560474999999855
0.06558854999999965
0.06457337500000052
0.06454987500000016
0.06444649999999967
0.06443112500000012
0.06876385000000056
0.06435747499999991
0.06477815000000078
0.0759016250000002
0.06438884999999885
0.06464010000000114
0.06453249999999996
0.06440529999999996
0.06446362499999907
0.06453712499999965
0.06457487499999956
0.064480475000002
0.06436092499999972
0.0650685750000008
0.06457782500000206
0.06453902499999913
0.06438897499999996
0.06430614999999876
0.06442537500000044
0.06438845000000129
0.0644993999999997
0.06452977499999973
0.06443707499999932
0.06444220000000059
0.06444899999999905
0.06454834999999833
0.06455609999999865
0.06427332500000063
0.06443119999999994
0.06445957500000077
0.06607152499999955
0.06645809999999984
0.06715724999999963
0.06460174999999993
0.06779354999999897
0.06447330000000163
0.06884067500000128
0.06936499999999911
0.06454947499999975
0.06466607499999952
0.0645443500000013
0.06444467500000002
0.06587297499999921
0.06559322500000064
0.06788575000000065
0.06573544999999967
0.06605674999999991
0.06462904999999922
0.06712352499999952
0.06746334999999988
0.06913157500000154
0.06604207500000002
0.06455017499999939
0.06454635000000053
0.06458007499999922
0.06561087500000014
0.064628175
0.06457444999999921
0.06447202499999918
0.06812357499999991
0.06470457500000037
0.06448022499999978
0.0686000749999991
0.0681200000000004
0.06696445000000183
0.06719372499999991
0.06717370000000074
0.06472237499999949
0.06456435000000055
0.06576239999999983
0.0647731499999992
0.0646694999999994
0.06454510000000084
0.06460482500000068
0.06550577499999974
0.06466812500000002
0.06774364999999989
0.06465425000000095
0.06479679999999917
0.06589850000000012
0.06462750000000028
0.06461159999999778
0.07382349999999746
0.06836994999999889
0.0711131249999994
0.06945297500000151
0.06551609999999924
0.0645600250000001
0.064573575
0.06637280000000202
0.06669254999999907
0.0648653749999994
0.06755750000000375
0.06535672499999805
0.06478859999999997
0.06625202500000284
0.06663102500000094
0.06692737500000022
0.0676998000000026
0.0646162999999973
0.07001425000000266
0.06479889999999955
0.06968272500000125
0.06446689999999933
0.06460930000000076
0.06453547499999956
0.06464435000000321
0.06672059999999931
0.06718249999999841
0.0653314000000023
0.06580677499999865
0.06567227500000002
0.06617132500000196
0.06721969999999829
0.06778925000000129
0.07048974999999871
0.06875119999999982
0.06566767500000026
0.064593050000002
0.06463882500000011
0.06462447500000223
0.0647144499999996
0.06476892499999849
0.06462290000000052
0.06479912499999614
0.06465909999999724
0.06780234999999948
0.06475429999999846
0.068851650000002
0.06740374999999688
0.06467357500000048
0.07173204999999996
0.06870040000000016
0.0645665500000007
0.06454809999999896
0.06460537500000214
0.06460177499999986
0.06448455000000024
0.06625290000000063
0.06462865000000023
0.06458357500000034
0.06524222500000007
0.06450579999999774
0.06458394999999939
0.0667821250000003
0.06699702500000057
0.06458492499999693
0.0676999749999993
0.06837137500000097
0.06691835000000025
0.06470657499999959
0.06463970000000074
0.06460319999999911
0.06464820000000202
0.06456745000000126
0.06461292500000014
0.06458054999999945
0.06552382499999965
0.06808640000000139
0.06723315000000127
0.06842465000000005
0.06704507499999864
0.0679215250000027
0.07401147500000035
0.0682651749999991
0.0683690750000011
0.07174652500000035
0.06457437499999798
0.06629152499999975
0.06470760000000268
0.06451665000000162
0.06443615000000023
0.0645606999999984
0.06599372499999845
0.06661002499999996
0.0650026999999966
0.06639325000000156
0.06863955000000033
0.06742045000000019
0.06795372500000098
0.06993299999999748
0.06459324999999864
0.06696267500000204
0.07136692500000094
0.0647823499999987
0.06461792500000171
0.06449804999999742
0.06451397499999985
0.06438435000000027
0.06538197499999968
0.06450675000000104
0.06594207500000096
0.06461424999999962
0.06694024999999612
0.06657554999999887
0.06450462500000072
0.06814292499999794
0.06889855000000011
0.06798402500000122
0.06460577500000113
0.06436632500000031
0.06431940000000225
0.06442594999999755
0.06468457500000113
0.06448927499999968
0.06551992500000098
0.06442942500000015
0.06446164999999837
0.06452020000000118
0.06445429999999988
0.06450487500000009
0.06445924999999875
0.06440137499999991
0.06459940000000017
0.06461252500000114
0.06466117499999768
0.06454787499999952
0.06462232499999913
0.06866002500000264
0.06459274999999991
0.06435097500000211
0.06449772499999824
0.06456035000000213
0.06449147500000264
0.06450882500000148
0.06448164999999904
0.06433400000000233
0.06452997499999924
0.06441415000000177
0.0642799249999996
0.06442025000000058
0.06435642499999687
0.06456084999999803
0.06458724999999958
0.0645627750000017
0.06451132499999801
0.06451119999999833
0.0644430749999998
0.0658916999999974
0.06457674999999767
0.06444487500000093
0.06448437500000069
0.06467092500000149
0.06591407500000059
0.06444335000000194
0.06435664999999914
0.0646785250000022
0.06454277500000102
0.06452887499999918
0.06433792500000379
0.06433502499999975
0.0644172999999995
0.06444432499999948
0.06450404999999933
0.06607320000000243
0.06447842499999866
0.06627897500000017
0.0645435249999963
0.06437959999999805
0.06443624999999997
0.06431827499999941
0.06451984999999923
0.06432154999999966
0.06441644999999879
0.06451187500000514
0.0643906999999956
0.06432230000000345
0.064539074999999
0.06621860000000197
0.0646353750000003
0.06462415000000306
0.06463114999999675
0.06429525000000354
0.06438457500000254
0.06449812500000575
0.06440162499999928
0.06448224999999752
0.06437619999999811
0.06444379999999796
0.06448724999999628
0.06814860000000067
0.0683377500000006
0.06623400000000287
0.06437635000000341
0.0666458250000062
0.06445222500000228
0.06436077499999443
0.06459665000000428
0.06443720000000326
0.06452232499999581
0.06441517500000488
0.06443837500000313
0.06455192499999497
0.06498084999999491
0.06455105000000003
0.06458460000000059
0.06446170000000392
0.06463752499999487
0.06449714999999968
0.06555382500000065
0.06457277499999349
0.06451742500000252
0.0644407000000001
0.0647169749999989
0.06471282499999802
0.06628450000000043
0.06574990000000298
0.06651937500000145
0.06631589999999506
0.06717030000000364
0.064545824999999
0.06829947499999775
0.06457487500000525
0.06910642500000108
0.06454845000000092
0.06470722500000078
0.0645971750000001
0.06461282500000606
0.06468222500000138
0.0645274000000029
0.06458394999999655
0.0647404750000021
0.06579077500000495
0.0666359249999914
0.06667667500000221
0.0672126750000018
0.06610212500000329
0.06458817500000008
0.06464547500000321
0.0667686749999973
0.06483839999999645
0.06466812500000288
0.0646424750000051
0.06473500000000172
0.0646445749999998
0.06452077499999405
0.06488649999999438
0.06531835000000115
0.06554745000000253
0.06781032499999923
0.06771639999999479
0.06473647499999516
0.06812325000000215
0.06500090000000681
0.06845257499999774
0.06454934999999863
0.06446442499999988
0.06456324999999766
0.06451309999999921
0.06441482500000006
0.0644948750000026
0.06440175000000181
0.06810572499999808
0.06467612499999405
0.06537590000000365
0.06624815000000127
0.06650862499999448
0.06463432500000295
0.06643057499999827
0.07041489999999727
0.07130632500000048
0.06456359999999678
0.06457589999999414
0.06450997499999857
0.06636132499999689
0.06461705000000392
0.06454557499999963
0.06446735000000103
0.0646208750000028
0.06459070000000225
