Results for PC_mac_sign - 500:
0.016843655
0.016922394999999996
0.016904085
0.01693364
0.016899000000000004
0.017164389999999995
0.016838169999999996
0.01917092499999999
0.017201294999999988
0.01688776500000003
0.016967560000000007
0.017232409999999983
0.016962195000000013
0.017014785000000004
0.019194849999999982
0.019596480000000013
0.01949638
0.017149595000000024
0.017016149999999935
0.019557549999999962
0.01707826499999996
0.01730611000000003
0.016961964999999992
0.016997584999999944
0.01701755999999996
0.016969869999999998
0.017811480000000015
0.017084364999999976
0.017031305000000004
0.01694095500000003
0.01705664999999996
0.016987919999999976
0.016981575000000006
0.01695294500000003
0.01697428500000001
0.017242259999999947
0.017690820000000117
0.01693072000000001
0.017035550000000083
0.01693411499999996
0.016964439999999997
0.01944396999999995
0.01710212999999996
0.016974985000000088
0.01698971499999999
0.0172818749999999
0.019534259999999932
0.018690110000000003
0.01820160999999999
0.016937929999999993
0.017006294999999907
0.019511810000000053
0.016925494999999985
0.018305929999999932
0.017265119999999995
0.017082599999999958
0.01698632500000002
0.016979410000000004
0.019588315000000023
0.01697306499999996
0.01690382999999997
0.017224434999999972
0.01697408999999993
0.017000710000000082
0.016921839999999973
0.01698505499999996
0.01702120999999991
0.01694454500000006
0.016948210000000047
0.016933599999999983
0.019675485000000065
0.01941551000000004
0.019470270000000057
0.01696422999999996
0.019430744999999947
0.016944310000000087
0.01696075499999978
0.018646260000000154
0.017774274999999878
0.01785825499999987
0.017955385000000205
0.017801225000000045
0.017100470000000027
0.016987570000000004
0.01711588500000005
0.017415584999999966
0.01764048500000001
0.018285410000000012
0.01783008499999994
0.018064104999999983
0.01720508499999994
0.01821940500000011
0.017994390000000065
0.017086175000000023
0.017729474999999866
0.01707463500000017
0.017171515000000002
0.017493630000000166
0.017168034999999974
0.017248119999999856
0.016980255
0.016943259999999898
0.018403270000000024
0.019356395000000078
0.018480205000000183
0.016988920000000008
0.01781021999999979
0.017970729999999834
0.017062334999999963
0.01881884499999984
0.01826915999999983
0.01813040000000001
0.017134610000000237
0.019104614999999967
0.017574754999999984
0.017868379999999885
0.018160880000000077
0.016997240000000035
0.017857745000000022
0.017986449999999935
0.01698893999999996
0.017205519999999978
0.017137230000000156
0.017785404999999914
0.017000050000000044
0.017399975000000154
0.01816844500000002
0.01830363500000004
0.018268975000000014
0.01700686000000019
0.01725491000000005
0.0169939149999999
0.016973069999999948
0.01699271999999979
0.01804349000000002
0.01702460000000002
0.017020949999999858
0.01774487999999991
0.017087900000000215
0.01813462500000014
0.017014854999999898
0.016990209999999877
0.017023520000000188
0.017369589999999848
0.016985995000000004
0.01709997000000044
0.017050389999999995
0.01745286999999962
0.01698712999999998
0.017756560000000265
0.01702302999999972
0.017001055000000063
0.017023680000000357
0.016999705000000063
0.016979850000000168
0.0169927899999999
0.016996525000000134
0.01695715000000007
0.017232205000000247
0.01703346500000009
0.01708440499999995
0.017151479999999993
0.018481329999999616
0.017059565000000134
0.01959269499999948
0.017023719999999683
0.017017285000000017
0.017032725000000255
0.020013775000000462
0.02171762000000001
0.017021794999999996
0.01707330500000012
0.0169776250000001
0.016993009999999913
0.017048130000000015
0.017106004999999983
0.016955339999999524
0.01698966499999983
0.01708047000000022
0.016930470000000353
0.01704588000000001
0.017100524999999606
0.017358300000000212
0.01697542499999997
0.017333835000000023
0.017050610000000008
0.017039990000000105
0.01710339499999975
0.017063605000000166
0.017063569999999688
0.017107184999999844
0.017300200000000245
0.017070744999999762
0.017084525000000215
0.017046740000000112
0.017030340000000026
0.01700457999999969
0.017015860000000202
0.017704509999999802
0.017395450000000208
0.019603195000000257
0.01708462499999996
0.017046325000000025
0.01706604499999969
0.017051364999999805
0.01707439999999963
0.01700797000000023
0.017030345000000013
0.018429549999999607
0.01704707499999984
0.01700781500000005
0.017118319999999587
0.01707622499999957
0.019584310000000184
0.017056610000000205
0.017025919999999813
0.01706707499999993
0.017058584999999765
0.01702485000000024
0.0171067800000003
0.017052375000000095
0.017780799999999885
0.017126564999999802
0.017118939999999725
0.017064149999999927
0.017062975000000053
0.017043444999999904
0.017049245000000043
0.01756889000000001
0.017090349999999716
0.017058814999999755
0.01707822999999962
0.017047474999999965
0.017201524999999832
0.01705949500000031
0.0170813499999997
0.017075959999999668
0.016961484999999926
0.018508620000000062
0.01704649500000016
0.017061580000000163
0.017157510000000115
0.0170014249999997
0.017030414999999834
0.017032714999999712
0.017076799999999823
0.017008335000000444
0.01706038000000035
0.01697876000000008
0.019570439999999963
0.01707047999999986
0.01767902499999991
0.017124830000000202
0.01703134500000033
0.01717583999999988
0.017368490000000066
0.017370075000000044
0.019601124999999796
0.017054630000000088
0.01712829499999998
0.017448409999999512
0.017033629999999675
0.01703222499999981
0.01704554499999972
0.017023149999999987
0.017033849999999687
0.01708070000000021
0.01698660000000018
0.017025199999999928
0.01708515000000034
0.017140545000000316
0.018031644999999798
0.01993661999999972
0.020707264999999777
0.017037104999999997
0.018381069999999795
0.017055449999999722
0.017078489999999533
0.019537599999999884
0.01702970999999991
0.019493739999999773
0.01955475999999976
0.018096290000000296
0.01963502500000004
0.019577840000000037
0.01952643500000022
0.01953279500000008
0.018028780000000213
0.02024413500000037
0.016997294999999895
0.018060649999999897
0.017134715000000255
0.016968744999999785
0.018050170000000205
0.019522009999999455
0.01704882500000053
0.01957095499999923
0.017086434999999938
0.018077729999999972
0.01705165999999963
0.01706151499999919
0.017028834999999846
0.017051779999999326
0.019519699999999602
0.017000904999999875
0.01958034999999995
0.01706376500000033
0.01701857000000018
0.018170665000000096
0.017249415
0.017073199999999816
0.017379344999999373
0.019559249999999796
0.01957465999999954
0.01697977999999921
0.018028940000000375
0.01698790000000031
0.017063984999999778
0.01705865499999959
0.016998109999999542
0.01702872999999954
0.017066075000000184
0.017023984999999586
0.017099600000000235
0.01703390500000069
0.017012620000000426
0.01699175500000024
0.017047269999999344
0.01702460999999971
0.017027284999999212
0.01701028500000007
0.0170599900000002
0.01698568000000023
0.017009064999999737
0.016951695000000197
0.017026884999999083
0.01698995999999966
0.01699228500000004
0.017025254999999788
0.01755349499999966
0.01698082500000055
0.016965615000000298
0.01703659000000016
0.017008135000000948
0.017057119999999485
0.017032540000000155
0.016958254999999554
0.01696281499999941
0.01710343500000022
0.017032930000000304
0.0170283500000005
0.01708915499999989
0.017081960000000434
0.017150169999999892
0.0170522399999993
0.017085384999999176
0.017025354999999534
0.017071165000000974
0.016999250000000077
0.017035640000000286
0.017015409999999065
0.01702493000000004
0.016991184999999402
0.017063410000000657
0.017064675000000307
0.01707587999999987
0.016975664999999935
0.01696175499999981
0.017080960000000686
0.017099559999999202
0.017064630000000986
0.017051795000000994
0.01701677000000018
0.016970810000000256
0.016989515000000212
0.01700159999999983
0.01763349999999946
0.017047035000000505
0.01702748500000098
0.016982110000000147
0.01701063499999918
0.01723374499999977
0.017014394999999922
0.017013789999999744
0.017005580000000006
0.01703579500000046
0.017106129999999664
0.01709871499999963
0.017061499999999796
0.016996834999999922
0.01698466499999995
0.01698519000000033
0.017119504999999435
0.01705122499999902
0.01702160499999991
0.017207085000000007
0.017197664999999918
0.019465265000000048
0.017040015000000037
0.017050400000000538
0.01702668000000017
0.017043840000000046
0.017059600000000046
0.01691396499999996
0.017025095000000195
0.017089469999999666
0.01708745000000022
0.017065210000000663
0.017042444999999587
0.017309380000000374
0.017341410000000224
0.017060820000000376
0.017085235000000695
0.017108965000001038
0.017139339999999947
0.017102100000000744
0.017395604999999252
0.017055034999999635
0.01713487500000042
0.017096515000000635
0.01708686499999999
0.017299649999999927
0.018909079999999676
0.0169922849999989
0.017728270000000067
0.017313185000000432
0.01708305999999993
0.017095865000000005
0.017014239999999747
0.017006514999999355
0.017024589999999763
0.017483709999999066
0.017048109999999495
0.017065604999999096
0.018111030000000028
0.017024695000000065
0.016975254999999835
0.01703726500000016
0.017017544999999926
0.016993509999999785
0.01806991000000039
0.017473880000000008
0.017411950000000617
0.01707985000000008
0.01702705999999921
0.01769087499999955
0.017043165000000044
0.017032124999999496
0.017003980000000637
0.01706772000000001
0.017772280000000362
0.017089394999999286
0.01710739999999987
0.01847980000000007
0.017025390000000015
0.017058439999999564
0.01788861999999995
0.017273760000000492
0.01750729999999976
0.016940925000000107
0.016975704999999834
0.018476599999999052
0.01710816500000078
0.017543470000000526
0.017019735000000084
0.01762704500000041
0.017081044999999902
0.017024360000000342
0.017820775000000143
0.017553260000000816
0.018606429999999816
0.018392105000000356
0.017048820000001113
0.017001710000000687
0.016993424999999434
0.016973739999999682
0.01701069500000017
0.017045644999999467
0.017384345000000394
0.017014890000000376
0.01704810000000066
0.017012269999999035
0.01707725499999924
0.017669000000000778
0.01700737000000004
0.017057585000000017
0.01727953999999954
0.017126170000000232
0.017040130000000316
0.017045550000000277
0.017072329999999736
0.01702460999999971
0.017047660000000634
0.017646050000000742
0.017058399999999665
0.017033725000000003
0.017055259999999635
0.01695453000000043
0.017024410000000215
0.017025984999999084
