Results for PC_sym_keygen - 500:
0.04677505
0.053448233333333324
0.05369588333333335
0.04673768333333337
0.04673120000000001
0.05452181666666661
0.046870633333333286
0.04706550000000001
0.046607116666666636
0.04664838333333326
0.04654896666666666
0.047353249999999986
0.04804108333333339
0.04668183333333324
0.04675706666666658
0.04659526666666677
0.046574933333333256
0.04661638333333329
0.04667344999999988
0.0469367666666668
0.04706348333333328
0.046894183333333214
0.04645688333333346
0.04654663333333318
0.0471331666666669
0.04662734999999998
0.04648616666666664
0.046520850000000044
0.04649231666666675
0.046483333333333356
0.046555783333333524
0.04801418333333321
0.046521183333333244
0.04651808333333325
0.04698268333333336
0.04695626666666659
0.046504816666666685
0.046566116666666824
0.046593083333333375
0.04673555000000012
0.0467819666666666
0.04719435000000018
0.047082399999999795
0.0468661666666667
0.04706489999999993
0.048644616666666946
0.04746136666666653
0.04648143333333318
0.047725749999999796
0.046393833333333606
0.046482733333333213
0.04855133333333299
0.047048866666666335
0.04640144999999999
0.05236428333333312
0.046484599999999904
0.04711346666666666
0.054121350000000255
0.04649676666666665
0.0465777666666663
0.05239464999999939
0.052650449999999675
0.04713993333333377
0.04649060000000039
0.04713888333333311
0.04707034999999991
0.046441083333333216
0.046981916666666734
0.04648508333333344
0.046975499999999684
0.04691775000000007
0.04643315000000001
0.04672988333333355
0.04667321666666643
0.047122099999999986
0.04645111666666679
0.04728640000000013
0.04679648333333356
0.04754551666666723
0.047251200000000416
0.0466832666666671
0.04670740000000014
0.05666593333333338
0.04698723333333324
0.047098216666666796
0.04659309999999976
0.04656783333333341
0.047063483333333524
0.05221996666666703
0.04661301666666731
0.04761669999999943
0.046579350000000845
0.05513046666666715
0.04653634999999951
0.04902068333333318
0.0511447333333327
0.04720100000000116
0.0464926500000009
0.04727910000000103
0.05459095000000029
0.05020144999999919
0.04640483333333331
0.04643295000000099
0.05348178333333351
0.04946683333333321
0.05178034999999947
0.05123424999999979
0.047111516666667325
0.046376549999999385
0.047763883333332535
0.04632381666666655
0.04911781666666665
0.05352936666666608
0.04771033333333321
0.048930833333333604
0.05346418333333342
0.0541600166666664
0.04684778333333289
0.04685559999999971
0.05414116666666663
0.046555666666666676
0.047363000000000474
0.05139701666666762
0.046473100000000045
0.04883738333333269
0.04650481666666622
0.05490358333333442
0.054879616666666686
0.04660634999999994
0.04645130000000013
0.047285100000000094
0.04653804999999996
0.0489988000000011
0.04721079999999915
0.05476128333333368
0.052763116666667054
0.048215149999999575
0.047912716666666216
0.04790908333333353
0.054298350000001015
0.0530878833333323
0.04702946666666605
0.04732311666666647
0.04747795000000016
0.047118866666666766
0.04672786666666676
0.05573761666666712
0.047598416666667726
0.04775093333333302
0.047074816666666186
0.04658689999999979
0.04701978333333349
0.047159916666666385
0.054880966666667065
0.047224899999999556
0.04648963333333237
0.04723018333333376
0.04660171666666694
0.04814003333333403
0.047900066666666886
0.0471579166666667
0.047521416666666975
0.04661326666666715
0.047628433333332505
0.05645593333333257
0.046945299999999676
0.04657964999999915
0.04700278333333378
0.047027466666667316
0.046646683333333765
0.048414749999998695
0.04655793333333425
0.04651294999999985
0.04712865000000003
0.04884046666666677
0.046521183333333244
0.046978183333334304
0.047123316666666894
0.04665918333333252
0.04664068333333375
0.04706631666666681
0.04662043333333183
0.05022003333333487
0.046649850000000014
0.04702863333333199
0.0477082833333327
0.04648636666666448
0.04797629999999913
0.054647716666666686
0.047366616666666535
0.04699616666666581
0.04747115000000122
0.04749178333333361
0.048514483333332234
0.04702423333333551
0.04663653333333287
0.05426036666666694
0.04657109999999989
0.04713976666666516
0.05463831666666768
0.046547066666668496
0.05025281666666691
0.05112558333333178
0.0467427333333319
0.04660169999999842
0.047376349999998034
0.04669551666666697
0.04649770000000141
0.046957199999999
0.04713276666666767
0.054767383333334384
0.047997716666666676
0.04695501666666549
0.046642200000000376
0.04740859999999998
0.04668790000000058
0.04764243333333222
0.04680051666666714
0.04682148333333392
0.04812459999999987
0.053422450000001245
0.04707491666666594
0.04760018333333278
0.047053499999998395
0.046681716666667705
0.04663551666666687
0.046802733333332
0.04828439999999811
0.04644868333333155
0.05211264999999988
0.049455533333332365
0.046569216666667516
0.046745616666667426
0.04647006666666395
0.04739420000000223
0.046622249999999595
0.04660986666666721
0.04659751666666618
0.04651046666666616
0.04655948333333413
0.04715164999999881
0.04656115000000038
0.046524433333333566
0.04658920000000156
0.04650235000000104
0.04796731666666763
0.04645833333333371
0.0473147666666667
0.04682155000000041
0.05423289999999952
0.05124658333333325
0.04975618333333311
0.047136666666667305
0.04794934999999896
0.04706333333333343
0.04657786666666652
0.04652696666666619
0.0466944499999992
0.04669785000000009
0.04699431666666669
0.04667028333333292
0.046695933333332586
0.04656364999999975
0.0465258833333337
0.05000196666666549
0.04693148333333284
0.04699533333333268
0.04740346666666824
0.046569783333332754
0.047059883333332664
0.0467173333333335
0.04698506666666731
0.04700050000000147
0.047419666666667123
0.04646728333333196
0.04683409999999905
0.04676451666666708
0.04652923333333471
0.046489933333335405
0.046412849999997736
0.046618483333331066
0.046967349999999894
0.047314966666668096
0.04725911666666699
0.04726928333333452
0.048108816666666596
0.046454249999999316
0.052139949999999165
0.046620550000000094
0.04715378333333433
0.05473491666666632
0.04651899999999879
0.0489899833333349
0.04680443333333339
0.04727003333333262
0.046464083333334356
0.046976050000000664
0.054647250000001195
0.04760676666666654
0.05012071666666884
0.04735733333333201
0.04696291666666828
0.049204333333335626
0.0469924833333323
0.046902966666666164
0.046637600000000626
0.0511382666666672
0.05017128333333289
0.0467489999999998
0.04662926666666559
0.04730321666666555
0.04724656666666647
0.05468490000000088
0.04658266666666767
0.0479952833333319
0.047006800000000716
0.05236824999999878
0.0466208333333346
0.04716685000000022
0.04759578333333442
0.05457051666666644
0.05109340000000012
0.04686454999999986
0.047007933333333085
0.054111833333331555
0.046608049999999436
0.04872991666666735
0.04657118333333491
0.04681283333333302
0.046710299999998976
0.04671015000000125
0.04707123333333243
0.04643685000000156
0.04698906666666668
0.05462243333333276
0.04648233333333376
0.04648126666666789
0.04654184999999984
0.046614416666665194
0.04683779999999918
0.04639561666666812
0.05417238333333406
0.054665966666664186
0.04809295000000209
0.04706701666666693
0.046589016666666795
0.04645980000000047
0.04652541666666631
0.046567433333333005
0.05208348333333295
0.04662343333333183
0.04710528333333173
0.04710498333333249
0.04644223333333267
0.04865181666666748
0.04710955000000088
0.046863316666663955
0.04690898333333279
0.0488798499999992
0.047051683333332525
0.046853033333331955
0.04652428333333394
0.046602733333331044
0.04743731666666614
0.047068266666667566
0.04711369999999988
0.04661286666666911
0.046597366666666556
0.04699458333333269
0.05473869999999958
0.04718526666666775
0.04660158333333584
0.04899441666666462
0.04761471666666921
0.04815376666666301
0.047771833333335206
0.046711399999999986
0.05489836666666482
0.04709368333333638
0.04706791666666656
0.05479746666666567
0.05419264999999693
0.054796266666668696
0.04658729999999878
0.04656548333333603
0.05015810000000253
0.05253704999999703
0.05044061666666645
0.0489020499999962
0.051733166666664
0.04646663333333739
0.046637283333329074
0.04723811666666506
0.04706184999999626
0.047221200000001316
0.04727118333333162
0.05198023333333594
0.05432043333333544
0.04707063333333584
0.047072316666663026
0.05200800000000072
0.04672471666666524
0.047023166666667754
0.047116766666666386
0.05423531666666577
0.046567250000002024
0.047081966666667086
0.04692056666666531
0.046688833333337246
0.04758613333333035
0.04706335000000005
0.052363466666668045
0.04664736666666917
0.046808200000001916
0.04714835000000524
0.046719983333328705
0.047047233333334285
0.047057649999999285
0.04790014999999812
0.04736958333333329
0.04731173333333345
0.048525933333333646
0.047783383333330674
0.047300333333335706
0.04652640000000095
0.04654746666666749
0.04811601666666548
0.0464397333333333
0.046445549999998545
0.04653056666666468
0.04662201666666685
0.04656993333333048
0.04741325000000339
0.04733053333333525
0.04785636666666354
0.04683701666666593
0.04744953333333418
0.04729169999999764
0.04907581666666374
0.0473249166666695
0.046396116666668756
0.04723908333333308
0.046543399999999714
0.04661758333332955
0.04694004999999682
0.046621083333332085
0.046909216666669334
0.046497533333335166
0.04720363333332974
0.04784358333333027
0.04791903333333115
0.04979033333333215
0.04954790000000078
0.046681316666668714
0.04741886666666536
0.04709423333332931
0.04695008333333514
0.04665021666666386
0.04730851666666543
0.0479203000000022
0.04781921666666828
0.04690431666667033
0.046677683333333185
0.04774811666666589
0.04741241666666459
0.04917858333333621
0.04742625000000089
0.04743661666666412
0.04648839999999837
0.0496681833333317
0.04658430000000256
0.04703843333333377
0.046548666666668244
0.04666045000000168
0.04654933333333323
0.046725633333335286
0.046884400000002796
0.04736973333333859
0.0465530666666685
0.04777008333333394
0.04902588333333142
0.04763286666666697
0.04744423333332861
0.04647756666666965
0.04657793333333302
0.046708799999998975
0.046469383333328555
0.04645251666667036
0.04719728333333251
0.04827784999999949
0.04631001666667014
0.04659431666666857
0.047157883333333456
0.04724873333333335
0.04870886666667123
0.04789688333333212
0.04840023333333268
0.049575716666667324
0.048134083333332
0.046584016666668046
