Results for PC_mac_verify - 500:
0.018666505
0.01893159
0.018500964999999998
0.018490329999999992
0.018483160000000002
0.018649854999999996
0.018571559999999997
0.018573015000000002
0.018575519999999967
0.018583025000000006
0.01859174000000003
0.018627365000000003
0.018520820000000028
0.01856466000000001
0.019053850000000025
0.01844856499999999
0.01851266500000001
0.01842835500000003
0.018482785000000064
0.020427905000000024
0.018611319999999976
0.018576759999999977
0.018546630000000022
0.018474045000000033
0.018979075000000026
0.018900474999999944
0.018536209999999966
0.01847120000000004
0.019547590000000028
0.020250334999999994
0.020500860000000003
0.019163780000000016
0.018820130000000004
0.018497785000000065
0.019126550000000006
0.018566339999999997
0.019098575000000013
0.019225194999999928
0.018559070000000018
0.018520315000000096
0.01942441500000001
0.01884427500000001
0.019472875000000018
0.019696765000000057
0.01893723499999993
0.01884564499999996
0.01900734
0.018578304999999913
0.01858469499999998
0.019505719999999938
0.019377270000000096
0.019476985000000013
0.019669619999999954
0.018596239999999965
0.01865469999999988
0.018540490000000034
0.019339875000000006
0.018786599999999962
0.01875179000000003
0.01868484499999994
0.02056144500000002
0.01858695499999996
0.01888105500000009
0.02009917999999999
0.020035244999999972
0.020374359999999998
0.018638984999999907
0.019470190000000116
0.018688210000000254
0.018658735000000207
0.018583495000000026
0.019792625000000043
0.02104862499999996
0.018472184999999967
0.018526004999999943
0.018798084999999957
0.01849907999999999
0.018540059999999983
0.01855823499999957
0.018582460000000082
0.018523580000000095
0.019423294999999997
0.018602050000000078
0.01849672499999997
0.018629439999999987
0.01854412999999994
0.018533889999999928
0.01858245499999981
0.01865833000000009
0.018514375000000027
0.020913725000000057
0.018408550000000048
0.020901925000000005
0.018450824999999896
0.018368040000000006
0.018415315000000022
0.018365864999999815
0.01854786499999989
0.018399849999999843
0.01840020999999979
0.018396389999999766
0.01827382
0.01829797500000012
0.018352295000000254
0.018372260000000154
0.018377809999999783
0.018417964999999866
0.018368890000000134
0.01833373499999993
0.020799980000000176
0.018359094999999857
0.019821630000000142
0.01828486499999997
0.01836161500000003
0.018491030000000137
0.01845116000000019
0.018413285000000033
0.018380349999999906
0.018332490000000236
0.019160865000000058
0.01842472999999984
0.018343355000000085
0.018422845000000052
0.018404170000000022
0.018316815000000018
0.018367640000000164
0.018399584999999944
0.018457849999999783
0.01839312000000007
0.018470544999999845
0.018362960000000046
0.018368095000000154
0.018388165000000074
0.018371204999999974
0.01835067500000008
0.01837552499999987
0.018345650000000265
0.018365445000000022
0.018324324999999815
0.01837506000000019
0.01833548500000006
0.01838299500000005
0.018286725000000385
0.01826191499999993
0.01827856499999996
0.01833479000000011
0.01835922500000038
0.018438194999999952
0.01915049999999951
0.018458069999999792
0.01834531499999969
0.01825960000000009
0.018743405000000168
0.01830543500000033
0.018349174999999607
0.018342424999999593
0.018302509999999758
0.018345734999999766
0.018266169999999988
0.01827920500000005
0.018374790000000304
0.01828728999999953
0.018297919999999978
0.018237904999999725
0.018297755000000394
0.01831421500000033
0.0182525499999997
0.018300419999999918
0.018292120000000408
0.019074674999999958
0.018243845000000078
0.01833979999999997
0.01830352500000004
0.018294050000000082
0.018336949999999772
0.018360869999999637
0.01831944000000021
0.018317294999999945
0.01824176500000021
0.018419395000000234
0.018873064999999654
0.01840957500000002
0.01832750000000033
0.01875400999999954
0.018334864999999922
0.01838459499999999
0.018658249999999727
0.01861163499999975
0.018345500000000355
0.018377659999999876
0.018351774999999862
0.018366054999999618
0.01837923999999987
0.018379280000000334
0.019717494999999873
0.018277119999999626
0.018325100000000132
0.018282015000000342
0.01830847000000006
0.018323639999999843
0.01836966000000018
0.0184446250000002
0.018305409999999824
0.0183618899999999
0.01833533999999986
0.018385895000000117
0.018316650000000437
0.01916200500000002
0.018377174999999964
0.01833150499999988
0.0183298149999996
0.018313384999999585
0.018294175000000336
0.01832480999999973
0.01868015000000014
0.018359604999999987
0.018353695000000128
0.018307889999999813
0.018265794999999797
0.019239010000000008
0.01831660499999998
0.018267094999999924
0.018332900000000336
0.018183089999999992
0.018195294999999872
0.018353364999999826
0.018326999999999885
0.018408379999999624
0.018328129999999877
0.018425209999999765
0.01839200999999946
0.0183588850000001
0.018351390000000266
0.01836637499999995
0.01832407500000045
0.018438704999999802
0.018287104999999998
0.018357775000000062
0.018322320000000333
0.018402585000000044
0.018459584999999945
0.01835059000000001
0.018362500000000066
0.018435190000000146
0.01836633000000006
0.01835655499999973
0.02083927999999958
0.01832239500000014
0.018440820000000146
0.01846479000000045
0.018401629999999614
0.020829105000000254
0.018373930000000198
0.018348119999999996
0.01837489000000005
0.01838519499999961
0.018338244999999916
0.018338974999999775
0.01836584000000016
0.018466189999999754
0.018397680000000492
0.01870619999999974
0.02008267500000045
0.018433274999999867
0.018444225000000074
0.01849836499999981
0.018538815
0.018303475000000163
0.01840535999999986
0.01841527499999984
0.018450505000000134
0.01842495499999984
0.01916780000000017
0.01849243000000001
0.0184331700000007
0.01844934500000022
0.018406914999999344
0.018424659999999447
0.018397224999999934
0.018408005000000005
0.018404524999999693
0.01841557500000022
0.018367335000000366
0.01833373499999993
0.018361049999999747
0.018369750000000525
0.018419299999999337
0.018278040000000145
0.018363765000000285
0.01829345000000103
0.018329105000000255
0.018358145000000832
0.0209833500000002
0.01938955999999962
0.018284120000000712
0.018344239999998988
0.01826541999999904
0.018333414999999603
0.018307555000000093
0.018321735000000672
0.01819738999999913
0.018348029999999654
0.01824824999999919
0.018371700000000143
0.018348159999999326
0.0182989299999997
0.018245234999999412
0.018274920000000066
0.018268724999999222
0.018282515000000783
0.018302704999999832
0.01822262000000023
0.018375350000000026
0.018314665000000334
0.01835832499999924
0.018292414999999663
0.019632274999999026
0.01969492999999943
0.01834325499999977
0.018506624999999985
0.018301275000000033
0.018309494999999745
0.01831260000000043
0.018629379999999855
0.018342494999999417
0.01859585999999922
0.01839586499999996
0.018303604999999834
0.018403319999999893
0.01831743500000016
0.018285725000000638
0.018352885000000468
0.01834389999999985
0.018299964999999932
0.018285254999999553
0.01840114500000027
0.01827474999999936
0.018357899999999747
0.018239409999999907
0.01836043000000018
0.018321884999999156
0.018458429999999453
0.01838632000000075
0.018451055000000452
0.018744379999999408
0.018351169999999684
0.018307889999999813
0.018363385000000107
0.018411929999999757
0.01839764999999943
0.01838194999999928
0.018430664999999635
0.018423820000000434
0.01841344499999991
0.018397535000000288
0.018407314999999473
0.018439799999999878
0.018421285000000582
0.018413165000000616
0.018310310000000527
0.018417839999999616
0.0184497250000004
0.018415054999999257
0.01837373999999954
0.018457359999999878
0.018398429999999733
0.01843903999999952
0.01847330499999998
0.018736284999999953
0.018636735000000043
0.018648974999999835
0.019856549999999515
0.018869015000000218
0.01947131499999955
0.020560985000000757
0.018797154999999746
0.018490395000000034
0.018426820000000815
0.01854139000000032
0.019292065000000774
0.018417144999999666
0.018440360000000735
0.01897993499999984
0.01993184999999926
0.01929121000000009
0.01983025999999995
0.018479095000000143
0.018450760000000628
0.018433080000000927
0.01846757500000081
0.018709669999999505
0.018792970000000648
0.01881091500000025
0.01862451999999962
0.018441539999998896
0.01864723500000082
0.018552519999999503
0.020381199999999353
0.019928354999999558
0.018528964999999287
0.018973025000000233
0.01888257500000009
0.01845540000000028
0.018463255000000345
0.018502845000000434
0.019318094999999858
0.01842157499999985
0.018526045000000976
0.018541480000000093
0.0184985549999999
0.018588865000000395
0.018557994999999893
0.01847739499999989
0.019305229999999937
0.018463299999999662
0.018483984999999165
0.018547624999999925
0.018530415000000175
0.019269509999999174
0.018506084999999076
0.018461944999999105
0.018648735000000444
0.01846952999999985
0.01842275500000028
0.019350610000000188
0.020919754999999894
0.01845493499999975
0.018439805000000434
0.018481535000000805
0.018604219999999713
0.018940225000000054
0.018456804999999576
0.018476759999999787
0.018557124999999813
0.018518894999999702
0.01844418000000019
0.01850729000000001
0.018429364999999507
0.018453439999999547
0.0184819200000004
0.01957377000000065
0.01853486500000031
0.018563669999999775
0.01847391499999958
0.01933714000000009
0.018507849999999736
0.01846021999999948
0.0185443900000007
0.018514984999999342
0.018645214999999098
0.018534875000000284
0.01859275499999967
0.018527145000000474
0.01854846500000008
0.02097928999999908
0.01851286499999901
0.018556580000000624
0.01871178499999928
0.018507059999999458
0.018819835000000465
0.018445420000000465
0.018460324999999785
0.018444775000000392
0.018485560000000303
0.018503465000000004
0.01851985499999955
0.018478924999999435
0.0185008449999998
0.018451370000000227
0.018386889999999313
0.018443620000000466
0.01845473000000084
0.01852282999999943
0.0186090200000001
0.018614074999999276
0.0186152299999992
0.018548880000000736
0.01903921500000024
0.018642174999999952
0.018604650000000902
0.018572864999999866
0.01947791499999994
0.020089189999999917
0.0185651699999994
0.01862512000000038
0.018490994999999656
0.018582189999999627
0.018478020000000015
0.01850151500000038
0.018463874999999914
0.018517425
0.01851675499999942
0.01848728499999993
0.0185756600000002
0.018582229999999526
0.018614320000000364
0.018550999999999932
0.02005978499999969
0.02003492499999993
0.01858967499999949
