Results for PC_pub_decrypt - 500:
3.3731690000000003
3.164483999999999
3.3807479999999988
3.1272290000000016
3.198826000000004
3.2434270000000005
3.1315199999999983
3.3530879999999996
3.3879839999999994
3.175033000000006
3.1808339999999973
3.1357259999999982
3.3615740000000045
3.1650630000000035
3.2057689999999965
3.1306959999999933
3.424771000000007
3.3825590000000005
3.1305539999999965
3.2074710000000053
3.1685760000000016
3.341686999999993
3.176513
3.3786599999999964
3.3574370000000044
3.128029000000012
3.1715109999999953
3.1354340000000036
3.382181999999986
3.4236700000000013
3.1266120000000086
3.191674000000006
3.4292130000000043
3.3955370000000045
3.437353000000016
3.439132999999998
3.1315019999999976
3.1777560000000022
3.4509550000000075
3.344449999999995
3.1407780000000116
3.33099900000002
3.3734519999999577
3.1966740000000016
3.4447529999999915
3.1336089999999786
3.170224000000019
3.204909999999984
3.194443000000007
3.17168300000003
3.4195819999999912
3.179407999999995
3.1310259999999914
3.175136000000009
3.462539000000021
3.209795999999983
3.4207490000000007
3.2048139999999705
3.1449870000000146
3.194917000000004
3.15363499999998
3.4337230000000147
3.172428000000025
3.191728999999981
3.1706240000000037
3.475099
3.136605000000003
3.20352299999999
3.1372130000000027
3.161684000000008
3.1306389999999737
3.1373399999999947
3.2131760000000043
3.1895459999999787
3.1293440000000032
3.134596000000016
3.1356369999999743
3.130429000000021
3.175532999999973
3.135485000000017
3.1316190000000006
3.140892000000008
3.171618999999964
3.1807360000000244
3.1402579999999602
3.1359320000000253
3.1831210000000283
3.1599560000000224
3.1561909999999784
3.157713000000058
3.147254999999973
3.1345629999999574
3.13204300000001
3.2013710000000515
3.170714999999973
3.149755999999968
3.219462999999962
3.1405640000000403
3.1277039999999943
3.1556919999999877
3.1428399999999783
3.150328000000002
3.147231999999974
3.137980999999968
3.1636080000000106
3.1709770000000503
3.169476999999972
3.194574999999986
3.1381450000000655
3.2156369999999583
3.1875440000000026
3.148849000000041
3.146019000000024
3.151643999999976
3.1429170000000113
3.1458429999999566
3.1350439999999935
3.1964309999999614
3.148069000000021
3.1805179999999496
3.1502739999999676
3.1750240000000076
3.1312090000000126
3.146076999999991
3.133199999999988
3.144331999999963
3.132745
3.133728000000019
3.139928999999995
3.1802030000000627
3.195945999999992
3.1337769999999523
3.1747660000000337
3.1442560000000412
3.1715959999999654
3.1355400000000486
3.1418469999999843
3.1337479999999687
3.140716999999995
3.1690609999999992
3.1315740000000005
3.1392740000000003
3.134542999999951
3.141630999999961
3.1296949999999697
3.130503000000033
3.139709000000039
3.220884999999953
3.2825500000000147
3.1330600000000004
3.1349500000000035
3.1488539999999716
3.1372139999999717
3.1338139999999726
3.1326369999999883
3.1322130000000357
3.1366049999999746
3.135468000000003
3.1387980000000084
3.1770500000000084
3.1612590000000864
3.186651999999981
3.2677229999999327
3.138746000000083
3.157252000000085
3.162590000000023
3.143888000000061
3.1420969999999215
3.1424349999999777
3.190334000000007
3.132987999999955
3.1467099999999846
3.161546000000044
3.1891129999999066
3.148841999999945
3.1854820000000927
3.1351700000000164
3.157208999999966
3.270656000000031
3.1292609999999286
3.16790299999991
3.131693000000041
3.134649999999965
3.138463999999999
3.137149000000022
3.2390530000000126
3.159624000000008
3.136225999999965
3.2622330000000375
3.1554219999999304
3.1426950000000033
3.133399000000054
3.1575520000000097
3.1406059999999343
3.1880879999999934
3.2343759999999975
3.1317549999999983
3.133649999999875
3.1394750000000613
3.1545380000000023
3.1482670000000326
3.2306560000000673
3.1403960000000097
3.1919060000000172
3.206385999999952
3.130739999999946
3.1444329999999354
3.1539960000000065
3.1485250000000633
3.1397170000000187
3.1426380000000336
3.1783689999998614
3.169497999999976
3.188727999999969
3.1723309999999856
3.1603660000000673
3.1443949999999177
3.1606749999999693
3.151264000000083
3.146086999999966
3.213157000000024
3.1428259999999
3.196611999999959
3.152195000000006
3.1455849999999828
3.167434999999955
3.1405449999999746
3.167376000000104
3.1563390000000027
3.151100999999926
3.147377000000006
3.167776000000117
3.175070999999889
3.1414890000000923
3.2129509999999755
3.1507540000000063
3.1834669999999505
3.1349459999999
3.1343830000000708
3.1738699999999653
3.134775999999988
3.1526959999999917
3.1374620000000277
3.1452710000000934
3.14077599999996
3.1536769999999024
3.202051000000097
3.149018999999953
3.1916239999999334
3.1812040000000934
3.172489999999925
3.1632979999999407
3.1410660000000235
3.1496060000000625
3.149550999999974
3.1352940000000444
3.13880800000004
3.13876700000003
3.1400919999999815
3.162270999999919
3.1406900000000633
3.1329019999999446
3.2588949999999386
3.141990000000078
3.140928000000031
3.1355949999999666
3.137340999999992
3.1334809999999607
3.1499959999998737
3.135434000000032
3.141885000000002
3.2460700000000315
3.138400000000047
3.1401479999999538
3.1345260000000508
3.1620639999999867
3.1395849999998973
3.23241500000006
3.1477559999999585
3.1461649999999963
3.141668000000095
3.1401050000000623
3.1590619999998353
3.204091999999946
3.1881389999999783
3.1435129999999845
3.1833390000000463
3.1500090000000682
3.143662999999947
3.1406600000000253
3.136214999999993
3.137899999999945
3.1373800000000074
3.139082999999914
3.1612119999999777
3.244939000000045
3.138135000000034
3.132498000000055
3.1394880000000285
3.1618179999999256
3.134233999999992
3.139754000000039
3.1591979999999467
3.155387000000019
3.242533000000094
3.3546059999999898
3.145277999999962
3.4521360000001096
3.15577600000006
3.1454370000000154
3.147709999999961
3.177998000000116
3.4582510000000184
3.1310499999999593
3.1495680000000448
3.1355029999999715
3.1698049999999967
3.4608570000000327
3.1869939999999133
3.479180000000042
3.219985999999949
3.1566290000000663
3.1350609999999506
3.277321999999913
3.143008000000009
3.2373979999997573
3.300827000000254
3.134712000000036
3.1376869999999144
3.178553999999849
3.261322000000064
3.21827600000006
3.1338650000000143
3.137999000000036
3.1814229999999952
3.137465999999904
3.1321690000002036
3.133100999999897
3.1618650000000343
3.1364619999999377
3.1358640000000833
3.1337929999999687
3.139942000000019
3.1383370000000923
3.1343050000000403
3.1406850000003033
3.133137999999917
3.136322000000064
3.1410900000000765
3.2611870000000636
3.1730130000000827
3.13221899999985
3.1702170000000933
3.200685999999905
3.1848889999998846
3.1412490000002435
3.173808000000008
3.171342000000095
3.1325930000000426
3.1991379999997207
3.272307999999839
3.1452800000001844
3.1899899999998524
3.153587000000016
3.189100000000053
3.186721999999918
3.2566529999999148
3.1960810000000492
3.2201390000000174
3.2423479999999927
3.21243800000002
3.191203000000087
3.1959580000000187
3.202060999999958
3.1410530000002836
3.196806999999808
3.2052940000000945
3.1311159999997926
3.2124860000001263
3.1436250000001564
3.1392080000000533
3.134845000000041
3.1654430000000957
3.1314390000000003
3.1428349999998773
3.133771999999908
3.1376470000000154
3.1812740000002577
3.195275000000038
3.136976999999888
3.1315290000000005
3.1398329999999532
3.1391939999998613
3.170253999999659
3.1458740000002763
3.2289680000001226
3.1449069999998756
3.136259999999993
3.133436999999958
3.146967999999788
3.1547729999999774
3.230940000000146
3.2359789999998156
3.2017020000000684
3.143004000000019
3.3569450000002234
3.133957999999893
3.2042739999999412
3.132704999999987
3.1370540000000346
3.1367659999998523
3.1321750000001884
3.2280660000001262
3.1372979999998734
3.1333200000001398
3.1364379999999983
3.214738000000125
3.227089999999862
3.1748579999998583
3.15280400000006
3.1534939999999096
3.1366709999999784
3.2094570000001568
3.6535059999998794
3.136853000000201
3.1415750000001026
3.2119520000001103
3.2245219999997516
3.13602700000024
3.5568090000001575
3.1355519999999615
3.137598999999909
3.2021579999998266
3.146355999999969
3.1345679999999447
3.137632000000167
3.1487389999999778
3.148732999999993
3.1399810000000343
3.1432150000000547
3.134012999999868
3.1488160000001244
3.1361739999997553
3.1388950000000477
3.7744820000000345
3.134005999999772
3.1663880000000972
3.2033980000001065
3.165050999999721
3.137486000000081
3.139483999999811
3.1478530000001683
3.199123999999756
3.1332810000001245
3.1642309999999725
3.1554969999999685
3.1434529999999086
3.3184400000000096
3.135154000000057
3.13967300000013
3.1748179999999593
3.2133490000001075
3.203954000000067
3.202297000000044
3.1361930000000484
3.179971000000023
3.202985000000126
3.135720999999876
3.707157999999936
3.141548000000057
3.3228639999999814
3.24053600000002
3.2062919999998485
3.139284000000089
3.600787000000082
3.138958999999886
3.1397050000002764
3.138717999999926
3.1625369999999293
3.1472550000000865
3.2480729999999767
3.1510419999999613
3.195573000000195
3.1554579999999532
3.64359300000001
3.139124000000038
3.2152869999999893
3.2376090000000204
3.1991770000001907
3.3108009999998558
3.142501999999922
3.2695490000000973
3.700741999999991
3.1449609999999666
3.1359359999999015
3.1441020000002027
3.582795000000033
3.138255000000072
3.2368390000001455
3.1446829999999864
