Results for PC_pub_sign - 500:
3.0297110000000003
3.0083519999999995
3.0257700000000005
3.0073989999999995
3.0698849999999993
3.086302999999999
3.0905950000000004
3.015381999999999
3.0780230000000017
3.064306999999996
3.0143880000000074
3.0475569999999976
3.0843229999999977
3.1616500000000016
3.0693649999999977
3.0193340000000006
3.0751789999999914
3.021049000000005
3.5815899999999985
3.226854000000003
3.619152999999997
3.5587270000000046
3.3135929999999973
3.4484309999999994
3.541769000000002
3.143542999999994
3.0557540000000074
3.6477760000000075
3.4089660000000066
3.428755999999993
3.47354
3.0033049999999974
3.0015909999999906
3.025504000000012
3.075716
3.068655000000007
3.664400999999998
3.2195740000000086
3.222853999999984
3.188863000000012
3.1019819999999925
3.675637999999992
3.677040000000005
3.0187939999999855
3.601472000000001
3.3632379999999955
3.0257050000000163
3.0892259999999965
3.665223999999995
3.210632000000004
3.168212000000011
3.0939710000000105
3.019294000000002
3.654359999999997
3.6659010000000194
3.2407309999999825
3.403866000000022
3.10513499999999
3.0287090000000205
3.513682999999986
3.668250999999998
3.278794000000005
3.123743999999988
3.07089400000001
3.0827840000000037
3.501240999999993
3.2271220000000085
3.4121059999999943
3.1787569999999903
3.5576189999999883
3.0950229999999976
3.5003059999999664
3.0149570000000097
3.270901000000009
3.083044000000001
3.0683930000000146
2.9986980000000187
3.443094000000002
3.2720349999999883
3.3091190000000097
3.123463000000015
3.190018000000009
3.025882000000024
3.197029999999984
3.108946000000003
3.087237000000016
3.0059969999999794
3.0701259999999593
3.030684000000008
3.0720190000000116
3.4750850000000355
3.4675889999999754
3.416798999999969
3.0684120000000235
3.00221700000003
3.5037020000000325
3.4851229999999873
3.003706999999963
3.2362789999999677
3.0007699999999886
3.1420819999999594
3.427531999999985
3.4306960000000686
3.3867010000000164
3.3149830000000406
3.382310000000018
3.0094290000000683
3.433160999999984
3.4478260000000205
3.226628000000005
3.087584999999933
3.0456539999999563
3.502882999999997
3.4571020000000203
3.4304030000000125
3.053553000000022
3.013898999999924
3.4725649999999746
3.013157000000092
3.4638819999999555
3.129063999999971
3.0813519999999244
3.0681319999999914
3.4588039999999864
3.0274420000000077
3.000993000000051
3.095827999999983
3.4418380000000184
3.426160999999979
3.468095999999946
3.0022460000000137
3.085757000000001
3.4357629999999517
3.4287720000000377
3.444729000000052
3.0980240000000663
3.0881519999999796
3.080500000000029
3.4280029999999897
3.149267000000009
3.068048000000033
3.0008229999999685
3.0828290000000607
3.0029259999999454
3.2058400000000233
3.073264999999992
3.458321000000012
3.5565930000000208
3.4331920000000196
3.2116770000000088
3.430074999999988
3.011008000000004
3.092203999999981
3.0722240000000056
3.421393000000023
3.054497000000026
3.0853349999999864
3.0980780000000436
3.0052899999999454
3.193753000000015
3.2264959999999974
3.0108490000000074
3.024644999999964
3.1973079999999072
3.008694000000105
3.0558919999999716
3.0855999999998858
3.452758999999901
3.4282470000000558
3.4616300000000138
3.1645500000000766
3.0224699999998847
3.4822229999999763
3.0148530000000164
3.0549120000000585
3.0828460000000177
3.0012759999999616
2.9983749999998963
3.5960820000001377
3.000872000000072
3.089155999999889
3.0560540000000174
3.5875050000000783
3.60274000000004
3.5467679999998154
3.190281000000141
3.030866999999944
3.118475999999987
3.6281420000000253
3.0069029999999657
3.2292370000001256
3.4907230000000027
3.4074099999999135
3.0683239999999614
3.597297000000026
3.009123999999929
3.2405579999999645
3.588786999999911
3.0392570000000205
3.029179000000113
3.583757999999989
3.2380869999999504
3.0705709999999726
3.0025140000000192
3.0293249999999716
3.5884469999999737
3.0970399999999927
3.007297000000108
3.0133480000000645
3.0266950000001316
3.3888359999999693
3.0970579999999472
3.4246409999999514
3.5810410000000275
3.086659999999938
3.2906809999999496
3.068847000000005
3.0188680000001114
3.0034319999999752
3.6602100000000064
3.0033919999999625
3.330263000000059
3.4208660000000464
3.0033370000001014
3.6650399999999763
3.0058590000001004
3.485471999999959
3.1934499999999844
3.4974959999999555
3.0857349999999997
3.0187630000000354
3.5817759999999907
3.0860040000000026
3.000813999999991
3.000803000000019
3.211262999999917
3.000680999999986
3.0162820000000465
3.002283000000034
3.58090100000004
3.01414299999999
3.453145000000063
3.342265999999995
2.9967419999999265
3.0420550000001185
3.0193460000000414
3.3590599999999995
3.4314449999999397
3.1059260000000677
3.0509179999999105
3.1496770000001106
3.0679999999999836
3.1784670000000688
3.050233999999932
3.003456999999912
3.024498000000108
3.004719000000023
3.0664269999998623
3.6102930000000697
2.999039000000039
3.085561999999868
3.109645000000114
3.6682650000000194
3.5965979999999718
2.998595999999907
3.577963000000068
3.08109300000001
3.071488000000045
3.09385199999997
3.5847230000000536
3.058537000000001
3.30027199999995
3.004799000000048
3.1173480000001064
3.010232999999971
3.551935999999955
3.156567999999993
3.007517000000007
3.7050720000000865
3.077829999999949
3.611348000000021
3.6054570000000012
3.0022809999999254
3.00930900000003
3.701082000000042
3.45637499999998
3.0777510000000348
3.352333999999928
3.303598999999963
3.214841000000092
3.665204000000017
3.0887449999999035
3.0407430000000204
3.3169699999999693
3.0842320000000427
3.0743360000000166
3.0246550000000525
3.597991999999863
3.3841750000000275
3.08419200000003
3.004278999999997
3.0495120000000497
3.6000139999999874
3.392778000000021
3.099177999999938
3.0782420000000457
3.6982100000000173
3.021697999999901
3.0056730000001153
3.1906659999999647
3.5896340000000464
3.016206000000011
3.013915999999881
3.533185000000003
3.2200090000001182
3.0232449999999744
3.067414000000099
3.4313040000000683
3.6142359999998916
3.432031000000052
3.1893469999997706
3.5332230000001346
3.231301999999914
3.0731519999999364
3.5863200000001143
3.644538999999895
3.3256270000001678
3.232287999999926
3.0875170000001617
3.0129579999997986
3.610748000000058
3.008084000000281
3.00344199999995
3.0977159999999913
3.6605979999999363
3.5934940000001916
3.1218459999997776
3.095583999999917
3.0880229999997937
3.629316000000017
3.4798460000001796
2.9995430000001306
3.2469300000000203
3.1219089999999596
3.091163999999935
3.652031000000079
3.018094999999903
3.081354999999803
3.030505999999832
3.0023670000000493
3.498621999999841
3.035748999999896
3.2791970000000674
3.4806429999998727
3.0975859999998647
3.585164000000077
3.2356529999999566
3.0038970000000518
3.0160719999998946
3.45818300000019
3.0289540000001125
3.2327359999999317
3.4100040000000718
3.0727540000000317
3.0780889999998635
3.6472069999999803
3.0178789999999935
3.5636940000001687
3.1754759999998896
3.0844590000001517
3.063179999999875
3.0238910000000487
3.025435000000016
3.0692450000001372
3.0165169999997943
3.4986579999999776
3.599399000000176
3.0082629999999426
3.1064949999999953
3.082858000000215
3.5801360000000386
3.4993169999997917
3.0198139999999967
3.174933999999894
3.089328999999907
3.0008889999999155
3.2013979999999265
3.4442289999999502
3.202297999999928
3.1284760000000915
3.1147189999999227
3.221996999999874
3.5947140000000672
2.9974279999999
3.010140999999976
3.58190599999989
3.2885090000002037
3.0312229999999545
3.357238000000052
3.3207900000002155
3.505527999999913
3.090054000000009
3.660353000000214
3.2492030000000796
3.005486000000019
3.0896220000001904
3.2340110000000095
3.0146270000000186
3.5991119999998773
3.3321940000000723
3.0798350000000028
2.9962729999999738
3.0064069999996264
3.596910000000207
3.4755729999999403
3.019815000000108
3.154845999999907
3.0661810000001424
3.467373999999836
3.0985880000000634
3.090999000000238
3.0997500000000855
2.998625999999831
3.5979359999998906
3.077107000000069
3.0909939999999096
3.0109870000001138
3.000644000000193
3.476229000000103
3.117423999999801
3.036094999999932
3.5095719999999346
3.578179000000091
3.408428999999842
3.074380999999903
3.0686329999998634
3.700870999999779
3.137926000000107
3.6629290000000765
3.006395999999995
3.074105000000145
3.0127939999999853
3.64421399999992
3.0622739999998885
3.020710000000008
3.356925000000274
3.0942700000000514
3.004278000000113
3.0195860000001176
3.0389639999996234
3.072747000000163
3.0057570000001306
3.699967000000015
3.594906999999921
3.0370750000001863
3.1857719999998153
3.008777999999893
3.713103000000274
3.6751459999998133
3.0490590000001703
3.0074279999998907
2.999039000000039
3.084645000000137
3.580789999999979
3.6708730000000287
3.3446180000000822
3.402573000000075
3.3722329999998237
3.298706999999922
3.0842830000001413
2.9974439999998594
3.088809000000083
3.0901790000000346
3.0071170000001075
3.432436999999709
3.6060110000000805
3.6451509999999416
3.046399000000065
3.086948999999777
3.0644780000000083
3.01318399999991
3.5442450000000463
3.266578999999865
3.0705480000001444
3.207476999999926
3.5993999999998323
3.432820999999876
3.184265000000096
3.220553999999993
3.3484560000001693
3.0877110000001267
3.648834000000079
3.15329399999996
3.4215050000000247
3.4376300000001265
3.105000000000018
3.010095000000092
3.010424999999941
3.5127399999998943
3.075741999999991
