Results for PC_pub_encrypt - 500:
1.4800080000000002
1.3206353333333332
1.5062796666666667
1.4785403333333338
1.3677370000000006
1.3075126666666665
1.30943
1.4360666666666664
1.4087216666666649
1.5772109999999984
1.3806669999999976
1.3451726666666677
1.3465070000000003
1.3433756666666692
1.309879
1.3113563333333336
1.3085213333333314
1.309034333333339
1.3488813333333287
1.3171516666666698
1.309660333333331
1.3127646666666664
1.3105546666666659
1.322443000000002
1.3095223333333337
1.3080076666666636
1.326400666666667
1.3115186666666716
1.3112739999999974
1.312002666666667
1.3134700000000048
1.311653000000002
1.310889666666668
1.3156423333333294
1.315794999999999
1.3126879999999992
1.3094860000000021
1.3230019999999931
1.3090576666666702
1.309111999999999
1.3765206666666643
1.3300829999999924
1.3629003333333287
1.3830760000000073
1.309996000000003
1.3167153333333392
1.3125403333333263
1.3089903333333364
1.3770496666666645
1.3701620000000125
1.3116290000000013
1.3093726666666707
1.3131026666666705
1.3108696666666713
1.3105779999999925
1.3108039999999999
1.3167723333333374
1.3286553333333302
1.331272666666668
1.3090920000000021
1.3106659999999977
1.3116566666666643
1.3100643333333342
1.310353333333334
1.309979333333331
1.3106193333333447
1.3192236666666683
1.3293363333333255
1.3099146666666759
1.3108963333333463
1.330664666666659
1.3382276666666826
1.3177956666666735
1.311161666666673
1.3277643333333344
1.338151666666647
1.3300363333333394
1.3110506666666502
1.3153783333333422
1.3257956666666737
1.3097720000000095
1.3186660000000074
1.3097426666666743
1.3118310000000026
1.3140553333333287
1.3087183333333314
1.3162770000000137
1.3103483333333277
1.308908666666658
1.3218693333333438
1.311821000000009
1.3181999999999903
1.3099223333333423
1.3109593333333198
1.3128376666666668
1.3097983333333332
1.3168929999999932
1.308470000000019
1.3195813333333415
1.3128973333333156
1.3105833333333219
1.3104386666666603
1.314930000000004
1.3117063333333288
1.3085663333333362
1.310875666666675
1.309538666666659
1.316837666666667
1.3096023333333353
1.3157236666666563
1.3220596666666513
1.3103493333333442
1.3092466666666571
1.3108746666666775
1.3141623333333428
1.3231649999999793
1.312202333333346
1.3105213333333459
1.324387333333334
1.31869500000001
1.319091999999993
1.310081666666671
1.3107043333333384
1.3123509999999972
1.322028666666673
1.3101819999999975
1.309333
1.351225333333332
1.334523000000009
1.3484056666666977
1.3098893333333308
1.3357703333333575
1.3348803333332928
1.332822333333335
1.3343196666666775
1.334880999999958
1.347702999999986
1.321536999999959
1.3134366666666892
1.3155659999999898
1.3107506666666495
1.3114046666666659
1.3419356666667
1.3400363333333492
1.3101836666666031
1.3563163333333628
1.342394666666678
1.3534976666666505
1.3388103333333372
1.3098146666666632
1.3103326666666437
1.3400253333333012
1.3101563333333388
1.3429029999999784
1.3280180000000048
1.3102793333333314
1.3413076666666939
1.342711333333341
1.3558603333333394
1.3089466666666567
1.3499216666666598
1.3381723333333562
1.3319073333333336
1.3521829999999682
1.3517153333333454
1.308791666666631
1.3520336666666708
1.3118466666666486
1.3099886666666787
1.310275000000009
1.3115396666667039
1.3111940000000004
1.3099549999999833
1.340282000000002
1.3398593333333035
1.3404786666666648
1.3406159999999925
1.3482960000000048
1.3404976666666548
1.3128136666666705
1.3139243333333372
1.3165400000000318
1.3118793333333465
1.3089336666666516
1.3774566666666792
1.3090190000000348
1.334499666666678
1.319027333333338
1.3090890000000095
1.3094819999999647
1.3095410000000054
1.3222176666666503
1.3299023333333555
1.338656333333347
1.3395706666666833
1.3394733333333306
1.3380123333333434
1.3310303333333497
1.3124556666667029
1.3123186666667075
1.3156619999999748
1.3236953333333001
1.3103660000000066
1.3262196666666644
1.4495113333333243
1.3249299999999948
1.3379749999999906
1.3089533333333445
1.3102493333332936
1.3104966666666467
1.312612333333315
1.3975306666667013
1.3253799999999956
1.309432999999975
1.3107023333333245
1.31293866666662
1.3096266666666831
1.3508586666666815
1.3102283333333464
1.321695000000015
1.309694666666625
1.3122923333333651
1.3109623333333122
1.3082643333333408
1.3103450000000219
1.319907999999979
1.310301000000019
1.3313503333332999
1.311036333333315
1.3329153333333654
1.339891666666631
1.3099466666666708
1.3326500000000199
1.450791000000019
1.3129540000000284
1.3148383333333036
1.3176423333333482
1.3125726666666728
1.3118773333333138
1.3114256666666886
1.4951509999999644
1.316678999999984
1.5175766666666655
1.3093883333333451
1.4479626666666643
1.3324440000000095
1.3113469999999932
1.3337733333333213
1.388315333333329
1.4155920000000228
1.3097563333333255
1.3311630000000225
1.3321856666666843
1.534385000000005
1.4824303333333169
1.4059990000000273
1.4768490000000156
1.3312723333333452
1.3123630000000048
1.3172763333332873
1.313508666666697
1.3099203333332905
1.3160593333333659
1.3077310000000277
1.3100410000000313
1.3079036666667132
1.351712333333353
1.3080549999999675
1.3079563333333226
1.3547713333333227
1.3124573333332896
1.356466333333401
1.3099826666666559
1.3145273333333685
1.310519666666702
1.3282139999999647
1.3146436666666736
1.319199000000026
1.3157803333332747
1.3124600000000253
1.3088840000000346
1.3268960000000334
1.3281900000001012
1.3378580000000206
1.3262006666666366
1.3264263333333777
1.3100586666666914
1.3103609999999815
1.3126083333334009
1.3105136666666415
1.3101133333332957
1.3115243333333335
1.3274966666666994
1.310407666666682
1.314681333333283
1.3091183333333447
1.3416276666666818
1.3426749999999477
1.3106363333333775
1.308618000000024
1.345117666666738
1.3100839999999607
1.3225706666666306
1.30974833333327
1.3107693333333827
1.311327666666633
1.3119893333332584
1.313369666666707
1.3213366666666388
1.3134313333333316
1.3142879999999573
1.3187553333333804
1.310563666666667
1.3098966666666456
1.3128383333333506
1.3097613333333507
1.3121223333333394
1.3427223333333889
1.3097323333333861
1.310128000000077
1.351611666666713
1.3518543333332975
1.3106369999999667
1.3110053333333933
1.3101143333334069
1.3095506666666854
1.3112630000000536
1.3121266666666997
1.3103746666666514
1.3108879999999772
1.3121286666666947
1.3230299999999413
1.3358516666666371
1.3105656666665861
1.3121266666666997
1.3112709999999577
1.311725000000024
1.3153826666665889
1.3104603333332914
1.3129589999999403
1.3128226666666858
1.318462666666619
1.3156576666666902
1.3085656666666334
1.3083546666666734
1.3089820000000145
1.3077336666666874
1.3097706666667364
1.3106659999999313
1.3213540000000041
1.309393666666665
1.3222966666665645
1.3116946666666536
1.3091023333333092
1.3972043333333204
1.360647333333342
1.3124299999999494
1.3206873333332776
1.3127806666666402
1.3135716666667274
1.3129853333333206
1.3125816666667256
1.3110316666666222
1.309697333333285
1.3090479999999995
1.3124383333332996
1.308924333333304
1.307532333333332
1.3067470000000108
1.3476760000000163
1.309611666666645
1.3195160000000974
1.327441666666573
1.3118159999999837
1.3207193333333482
1.3213956666666793
1.3195943333332707
1.3097693333333307
1.3109940000000129
1.3127399999999245
1.3101856666666358
1.3190493333333202
1.310173666666742
1.3083359999999782
1.3191819999999552
1.3097623333333104
1.318505000000035
1.318907666666746
1.308740000000019
1.3203716666666119
1.308059999999993
1.3104470000000674
1.308104333333328
1.3088560000000296
1.3085589999999834
1.3117973333333641
1.3106170000000172
1.316742333333347
1.3189563333332899
1.3094630000000507
1.310437666666682
1.3084479999999985
1.309725333333366
1.3266386666666676
1.3199946666666922
1.3165433333333567
1.3095623333332849
1.320680333333333
1.3096493333333303
1.3100093333332552
1.309980666666661
1.3101343333333564
1.3156789999999698
1.3427443333333335
1.3315280000000107
1.3103586666666918
1.3094496666666753
1.312003999999964
1.3087373333333594
1.3081836666666884
1.3080650000000182
1.3425753333333432
1.351111000000022
1.341147000000016
1.3090416666666442
1.3097096666666252
1.316226666666656
1.314867333333268
1.310472666666707
1.3105303333332663
1.3138339999999669
1.3170906666666724
1.3108616666666724
1.3556670000000395
1.3494200000000092
1.3654336666666798
1.3103253333332912
1.3512569999999566
1.3482916666666824
1.3121273333333647
1.3101886666666662
1.314713999999943
1.3093433333332694
1.3345140000000506
1.309162666666604
1.3114546666666531
1.3094110000000305
1.3079036666667132
1.3173403333333529
1.317611333333313
1.3238980000000233
1.3275313333334302
1.3231543333333018
1.3129899999998997
1.3083343333332778
1.3156663333333352
1.3078563333332718
1.309480666666635
1.3117603333334198
1.3124969999999698
1.3108196666667027
1.3120316666665985
1.3120013333333798
1.3249296666667003
1.3169313333334383
1.3098959999999806
1.3103563333333266
1.308359333333404
1.3095930000000255
1.3096206666666603
1.3094046666666752
1.31198800000008
1.3123176666667102
1.3140523333333174
1.309411999999914
1.347537999999986
1.3082110000000284
1.3079026666666778
1.3095103333333404
1.3093846666666498
1.3091116666666949
1.311961999999994
1.3116439999999632
1.3107723333332615
1.3173946666666627
1.3105643333333319
1.3097436666666908
1.3149573333332683
1.3189900000000612
1.3327746666667128
1.325284333333381
1.331488333333406
1.3342223333333245
1.3095186666666148
1.311565666666714
1.310606000000007
1.3177463333333133
1.3298023333333429
1.3109773333333123
1.527510333333339
