Results for SA_sym_encrypt - 500:
0.07087304999999999
0.08124864999999999
0.08003590000000001
0.07080790000000001
0.07052317500000002
0.071878725
0.07712605000000004
0.07219680000000005
0.07068522500000007
0.07065592499999997
0.07761332500000001
0.08069267499999988
0.08143487499999988
0.07068332500000007
0.07065229999999989
0.07214017499999982
0.07097517500000006
0.07439207499999992
0.07310525000000005
0.08016890000000014
0.07990309999999994
0.07868562500000031
0.07980307500000024
0.07198959999999986
0.07189287500000034
0.07056647500000005
0.07539747499999976
0.07309262499999995
0.0707257000000002
0.07882769999999972
0.07480754999999988
0.07075747499999992
0.07214067499999999
0.07842234999999995
0.0727397749999998
0.07085042500000042
0.07067067500000021
0.07067979999999992
0.07067065000000028
0.07541344999999992
0.07074082500000002
0.071842775
0.0707653999999998
0.07063937499999967
0.07050542499999964
0.07065710000000039
0.07044710000000053
0.0706153250000007
0.07048197499999986
0.07052517500000022
0.07059099999999958
0.07060219999999973
0.07087734999999995
0.07085347500000055
0.07053895000000025
0.07071249999999978
0.07068684999999987
0.07081844999999945
0.07118307500000043
0.07058449999999966
0.07338165000000033
0.0717837000000003
0.07093622500000052
0.07069997500000014
0.07076902499999989
0.07077375000000075
0.07056627500000019
0.07069282500000042
0.07073014999999998
0.07137657500000075
0.07059167500000002
0.07056905000000029
0.07068794999999994
0.07078614999999999
0.0706092500000004
0.07064417500000032
0.07067525000000002
0.07074772499999965
0.07061127500000097
0.07095820000000046
0.07071767500000022
0.07085937499999986
0.07151045000000025
0.07070182500000044
0.07072247500000017
0.07058944999999994
0.07190047500000034
0.07259552499999983
0.07084475000000054
0.07151497500000091
0.07079579999999908
0.07086004999999886
0.07073079999999976
0.07079804999999907
0.07082517500000023
0.07074784999999935
0.07078174999999902
0.07067732499999978
0.07088502499999975
0.07095364999999987
0.07083892499999962
0.07084087500000039
0.07110472499999929
0.07082822500000106
0.07154544999999927
0.07083167499999944
0.07079537500000015
0.07085500000000024
0.07082279999999912
0.07062972500000057
0.07073120000000017
0.0708922749999985
0.07081765000000076
0.07157577500000088
0.07075727499999972
0.07073862500000132
0.07069932499999965
0.0708006250000011
0.07387122500000061
0.07082834999999932
0.07130180000000053
0.07080127500000089
0.07079117500000082
0.07081932500000221
0.07079337499999952
0.07071127499999931
0.07066967500000061
0.07076004999999981
0.0706627999999995
0.07063704999999913
0.07069187499999997
0.07073752499999984
0.0710758999999996
0.07099057500000043
0.0709678750000009
0.07127827499999881
0.07088779999999985
0.07201862499999975
0.0709355500000001
0.07123214999999873
0.07105022499999904
0.07078412500000013
0.07156315000000008
0.0710329250000001
0.07071127500000074
0.0705619249999998
0.07079482500000012
0.07055102499999891
0.07082609999999932
0.0707086750000002
0.07074972500000029
0.07078952499999928
0.07085204999999917
0.07080165000000137
0.07084172499999966
0.07083622500000218
0.07072527499999949
0.0708779750000005
0.0713452250000003
0.07093494999999876
0.07085824999999914
0.07095034999999825
0.07101084999999899
0.07065499999999929
0.07076062499999977
0.07223487499999806
0.07064522499999981
0.0708196749999999
0.07087310000000002
0.07105677499999956
0.07251610000000142
0.07294935000000037
0.07078514999999896
0.08049142499999959
0.08062855000000013
0.07289127499999921
0.07091632500000031
0.07925912499999868
0.07066012500000056
0.08171549999999854
0.07087290000000053
0.08042499999999961
0.0707776750000022
0.07407497500000204
0.07629947500000185
0.08034792500000094
0.07162997500000187
0.07082622500000184
0.08177432499999782
0.07143220000000099
0.07081199999999796
0.08174912499999891
0.07067317500000173
0.07150167499999895
0.07143645000000162
0.08222642500000177
0.0706568500000003
0.07068679999999573
0.07062865000000046
0.08232659999999896
0.07063095000000033
0.07156737499999792
0.07457190000000367
0.07079224999999952
0.07069252499999834
0.07124205000000074
0.08156319999999936
0.07067260000000034
0.07130867500000022
0.07125927500000273
0.0720152999999982
0.08041482499999972
0.07834034999999914
0.07980622500000152
0.07341717500000015
0.07075857499999927
0.07064857499999845
0.07056655000000092
0.0859379749999988
0.07155419999999992
0.07254159999999672
0.07062117500000227
0.0746952499999992
0.0708955000000003
0.0706953999999996
0.07065640000000145
0.08178732500000195
0.07745622499999741
0.07140315000000044
0.07060974999999985
0.07070465000000184
0.0737498749999986
0.07080132500000219
0.07074015000000031
0.07985527499999989
0.07189712500000098
0.07086067500000014
0.07083652499999858
0.07112442500000213
0.07148787500000253
0.08178557500000068
0.07077239999999847
0.07721515000000068
0.07080497500000149
0.08680285000000083
0.08206617499999994
0.08191662499999951
0.07451547499999833
0.07082195000000126
0.08279137499999933
0.07078559999999925
0.07180482500000096
0.07091620000000204
0.08359539999999867
0.08185445000000016
0.073394325000001
0.07069662500000219
0.07091247500000009
0.08185134999999945
0.07646869999999809
0.07071597500000167
0.08242282500000045
0.07082617499999913
0.07071169999999824
0.07089392500000144
0.08406715000000133
0.07079779999999972
0.07151597500000265
0.07130997499999693
0.08180049999999994
0.08278894999999978
0.07829057499999977
0.07154457500000148
0.07092292499999928
0.08262202500000057
0.07950187499999685
0.07194220000000086
0.07078597500000114
0.07069367499999828
0.07662820000000464
0.07071662500000286
0.07438689999999894
0.07530487499999765
0.0754693500000002
0.07827120000000036
0.08183572499999911
0.08182592500000396
0.0709167750000006
0.07366715
0.07225492500000427
0.0819742749999989
0.07838394999999991
0.07331127500000037
0.07079270000000122
0.08169192500000122
0.07090232500000297
0.07298904999999821
0.07140745000000095
0.0706627999999995
0.07808062499999835
0.07139922500000183
0.0707514749999973
0.0746830750000015
0.07085822500000062
0.07129167499999767
0.08258112499999867
0.07080849999999828
0.07427622499999983
0.07089772500000038
0.0822549500000008
0.0817305250000004
0.0780236000000002
0.07262942499999953
0.08250280000000317
0.07087077499999737
0.08190707499999804
0.07695117500000208
0.08105555000000209
0.08178069999999876
0.08245660000000044
0.08120830000000012
0.07136624999999981
0.07088834999999846
0.0709746249999995
0.0790376000000009
0.07150660000000074
0.07158100000000046
0.08177330000000325
0.08056662500000016
0.07361840000000086
0.07075720000000274
0.08239475000000027
0.07207019999999886
0.07318407500000035
0.07118707499999744
0.08260337499999935
0.07654102500000022
0.07459269999999947
0.07155600000000106
0.08192747500000053
0.08275769999999909
0.07466949999999883
0.07076797500000111
0.07154867499999966
0.08181639999999958
0.07796084999999664
0.07098295000000121
0.07166637499999809
0.07094657499999926
0.07536529999999857
0.08001607500000318
0.08260324999999966
0.08183879999999703
0.07072809999999663
0.07079782499999965
0.0706813000000011
0.07866937499999835
0.07149272499999598
0.0714345250000008
0.08168662499999754
0.07119997500000182
0.07469430000000443
0.07074137500000006
0.08168964999999845
0.08164717500000052
0.08020287499999768
0.07600004999999896
0.07445837500000038
0.0713160250000044
0.08104005000000142
0.0768019250000009
0.07120007499999588
0.07524915000000192
0.0828175999999928
0.0707824750000043
0.07078027499999848
0.08151172499999575
0.07051942499999768
0.07406667499999457
0.08086210000000164
0.08153767500000413
0.07456790000000524
0.07067930000000046
0.07130267499999832
0.08164202499999645
0.08160455000000298
0.07058982499999616
0.07138085000000274
0.07058387500000549
0.08159042499999601
0.07715547499999503
0.07061382499999808
0.07075219999999831
0.08265422500000455
0.07888047499999402
0.07586537500000645
0.07065267500000232
0.08277380000000108
0.07067814999999768
0.07136335000000145
0.08158012499999358
0.07071477499999901
0.07065352500000587
0.07256812499999796
0.07124507499999595
0.08148877499999685
0.0772688750000043
0.07062344999999368
0.07088270000000421
0.07048065000000178
0.07365319999999542
0.08113302500000259
0.08213937500000269
0.0706000500000016
0.07836545000000683
0.0705431249999947
0.08146370000000047
0.08211987499999508
0.08083110000000034
0.07410017499999526
0.07112659999999664
0.07492527499999824
0.07041454999999815
0.0704298749999964
0.0736925499999984
0.0822924750000027
0.07532570000000192
0.07201412499999833
0.07047552499999483
0.08222724999999399
0.07138547499999959
0.0711260999999979
0.08234387500000366
0.08191554999999653
0.07121649999999705
0.07419229999999857
0.08199539999999955
0.07069077499999707
0.08162402499999644
0.07488787500000171
0.07069942499999797
0.0755074250000007
0.07078025000000138
0.07550147499999298
0.07104777499999955
0.08229772499999513
0.07080732499999841
0.0714354999999955
0.07054087500000036
0.08238524999999867
0.07059785000000147
0.07136180000000536
0.07142064999999888
0.07073657500000081
0.07846262499999739
0.07815857500000334
0.0707565250000016
0.07051612500000033
0.07134764999999561
0.07049574999999778
0.08280437500000062
0.07074272499999665
0.0705940749999968
0.07125690000000304
0.08224725000000034
0.08297847499999876
0.07507622499999797
0.07074339999999779
0.08289787499999762
0.08674159999999916
0.08217917499999886
0.0749484500000051
0.0706266249999942
0.07048182500000166
0.08046447500000227
0.07340320000000702
0.08093492499999684
0.08284879999999362
0.0823045499999978
0.0706525250000027
0.07137837500000047
0.07447972500000333
0.0706421750000004
0.07621057499999892
0.07072562499999435
0.08180115000000114
0.07541602499999839
0.07690702500000271
0.07139232499999935
0.07134125000000609
0.08223790000000122
0.08059809999999744
0.07132117499999709
0.07343589999999836
0.07081260000000497
0.07629397500000437
0.07127987499999905
0.07127174999999966
0.08170410000000175
0.07303539999999771
