Results for SA_pub_encrypt - 500:
1.3172743333333334
1.3107983333333335
1.3625289999999997
1.3156266666666663
1.3478486666666663
1.3157196666666664
1.315311
1.3162330000000004
1.316033333333332
1.3126276666666665
1.3143786666666653
1.3138419999999986
1.3152463333333344
1.317047
1.3155253333333312
1.317175000000001
1.3163666666666696
1.3166199999999955
1.3206210000000027
1.3231246666666674
1.3163793333333398
1.317202000000004
1.3152449999999951
1.3168763333333309
1.3159236666666676
1.3155693333333338
1.3152076666666612
1.3157593333333277
1.318312666666671
1.3154806666666634
1.3162659999999942
1.314483999999998
1.3160079999999919
1.3163753333333357
1.3170479999999998
1.3150499999999947
1.315539666666666
1.3181643333333284
1.3158270000000036
1.3548223333333358
1.3160300000000025
1.3185079999999991
1.3191313333333312
1.3215233333333365
1.3171353333333304
1.3180623333333394
1.314900666666669
1.3164816666666657
1.316885999999992
1.3213899999999987
1.3191236666666746
1.3428893333333367
1.3176776666666683
1.3167566666666726
1.3148440000000032
1.3271300000000015
1.3160103333333382
1.3210743333333426
1.3191673333333351
1.314297000000001
1.323255999999996
1.3193630000000003
1.3150146666666747
1.3153953333333277
1.3572603333333384
1.3166943333333356
1.3663559999999961
1.3305736666666614
1.3151973333333444
1.3169456666666783
1.3164643333333288
1.317830666666661
1.323156666666667
1.3158833333333368
1.3190660000000018
1.318629000000006
1.316823333333332
1.3169406666666532
1.3286173333333409
1.3216746666666759
1.3145649999999969
1.3160883333333309
1.315120666666663
1.316230999999997
1.3700283333333423
1.3409990000000107
1.326306000000007
1.3170103333333145
1.3167133333333254
1.3157320000000066
1.3369879999999814
1.3472843333333344
1.317310999999999
1.347120666666683
1.3160226666666783
1.3329559999999863
1.3165153333333326
1.3165389999999775
1.3167790000000157
1.3155823333333196
1.330603999999994
1.3157763333333037
1.3152843333333333
1.3536980000000085
1.3789796666666614
1.3145343333333321
1.316387666666666
1.3755370000000084
1.315983666666663
1.3157423333333327
1.3377489999999739
1.3143166666666464
1.315875333333338
1.3540050000000103
1.3292843333333053
1.3530393333333375
1.3409246666666566
1.3487066666666767
1.318203999999999
1.3276733333333368
1.3771216666666721
1.316740333333333
1.3187166666666599
1.3180143333333376
1.316361666666675
1.318085333333329
1.3163136666666826
1.3169796666666493
1.316568666666683
1.3162533333333688
1.3158379999999472
1.315485000000005
1.3152793333333268
1.314807333333306
1.3161936666666634
1.3159473333333456
1.317904999999996
1.3141436666666853
1.316820666666672
1.3252949999999828
1.3171040000000098
1.3152486666666618
1.3180936666666412
1.3153773333333447
1.3165246666666615
1.3148323333333185
1.314436999999998
1.3622846666666721
1.3160306666666959
1.3169436666666647
1.31552666666668
1.3179183333333337
1.3147873333333564
1.3163896666666233
1.3148676666666765
1.3170723333333476
1.3160223333333458
1.3141053333332973
1.3157193333333148
1.3138253333333598
1.3153109999999895
1.3148949999999786
1.3171876666666549
1.3277683333333623
1.3162266666666937
1.3172156666666601
1.3180173333333112
1.3469603333333755
1.3167543333333545
1.3156489999999696
1.3167853333333521
1.3514443333333854
1.3152233333333165
1.3166993333333419
1.314553333333303
1.3298863333333582
1.3164016666666687
1.3157176666666526
1.3175546666666758
1.3308706666666694
1.315465333333312
1.317123666666665
1.3157980000000105
1.3146443333333386
1.3156536666666625
1.316646333333324
1.3171226666666673
1.3195566666666612
1.3159703333333255
1.3152716666666415
1.3170586666666775
1.3163416666666308
1.316838999999959
1.3165233333333315
1.3175170000000282
1.318876666666635
1.3167386666666896
1.3322590000000218
1.3589576666666592
1.3183913333333521
1.3387646666666722
1.316849333333342
1.3206343333333734
1.316809666666624
1.3171409999999923
1.360405333333309
1.3159656666666706
1.3159099999999928
1.3154943333333904
1.3222853333332978
1.3167826666666922
1.327592333333314
1.315629666666723
1.3664530000000166
1.3227266666666537
1.315622
1.3144359999999626
1.3160323333333206
1.3150286666666489
1.3154216666666798
1.317555666666711
1.3155153333332994
1.3161633333333307
1.3162443333333158
1.315762999999985
1.3148069999999734
1.316589666666649
1.3148826666666764
1.3171466666666825
1.3149943333333263
1.3844286666666978
1.3151269999999613
1.382835
1.3156586666666876
1.3170553333333146
1.3391789999999824
1.3158386666666881
1.3164750000000065
1.3155079999999846
1.331465666666683
1.31560433333334
1.317256666666708
1.3163600000000315
1.3172536666666779
1.3161183333333688
1.3163683333333438
1.3171679999999621
1.3269676666667087
1.3169489999999844
1.3143269999999725
1.3148523333333437
1.3475740000000087
1.3194389999999885
1.3162746666666485
1.3326479999999872
1.3174386666666655
1.3463406666666817
1.3350219999999808
1.359283000000005
1.3195240000000013
1.3315973333333204
1.3185036666667806
1.3377770000000357
1.314185000000028
1.3155643333333653
1.313585000000027
1.3145623333333183
1.3160133333334065
1.3180536666666285
1.315764333333315
1.3162216666666307
1.3151353333333495
1.3163680000000113
1.3145463333333585
1.315151666666755
1.3148309999999885
1.3216236666665584
1.3239326666666027
1.3152573333332687
1.3178586666666283
1.3152830000000602
1.3167249999999815
1.3177389999999227
1.3347063333333153
1.3139910000000632
1.3153766666666038
1.3139926666666117
1.3172210000000177
1.3146996666666837
1.3381450000000163
1.3139876666666623
1.314729666666684
1.3159173333334213
1.3168103333333268
1.3175223333332724
1.3161419999999757
1.3159366666666301
1.3154616666666545
1.3165463333333114
1.3178513333333133
1.31557433333334
1.3372906666667554
1.318205333333329
1.3153480000000095
1.3166066666666818
1.349313000000014
1.3184759999999187
1.3529029999999693
1.3165796666666363
1.350620000000011
1.3148499999999785
1.3155843333333148
1.3148069999999734
1.3162753333332755
1.314794666666709
1.3156946666667106
1.3165813333333367
1.3152140000000447
1.3157680000000862
1.3161210000000665
1.3172773333333225
1.3170296666667127
1.315949666666711
1.3162433333333563
1.3168830000000373
1.3169849999999315
1.3167316666666313
1.3198620000000574
1.3350366666666862
1.3167256666666465
1.340659999999995
1.3221856666666554
1.3196936666666563
1.3160296666666604
1.314521333333308
1.329489333333337
1.3154156666666192
1.3428756666666382
1.489905333333354
1.3170496666665863
1.3149269999999735
1.3159466666666049
1.3157126666666652
1.3580683333332977
1.3148103333332983
1.3154670000000503
1.34356900000004
1.3173280000000127
1.3157376666666398
1.3158823333332446
1.3176829999999882
1.3282363333333556
1.3855153333333117
1.3160973333332702
1.3183853333334052
1.3197959999999966
1.3152523333333193
1.3165263333333617
1.343117333333339
1.3216013333333194
1.34326500000005
1.3416916666666718
1.3161633333333307
1.3149309999999634
1.316724666666687
1.32788533333337
1.3173046666666626
1.3152296666667098
1.316797000000103
1.3170826666666926
1.3163723333333717
1.318081333333339
1.3168303333333522
1.3154833333333045
1.3155410000000152
1.3151793333333142
1.3167579999999361
1.317278999999947
1.3178296666665879
1.330504000000019
1.315900666666645
1.317478666666678
1.3155726666666396
1.3179723333333488
1.3160226666666404
1.3148193333333893
1.3139156666666925
1.339427333333333
1.3229746666666717
1.3164563333332353
1.324391333333324
1.3171030000000883
1.3170263333333119
1.3171193333333426
1.3179333333333336
1.3161520000000262
1.3174359999999676
1.317718333333308
1.3187326666666195
1.3162169999999758
1.3192356666667517
1.323543333333267
1.3237056666666072
1.3632619999999254
1.3180466666666082
1.3162956666665953
1.3166700000000067
1.318501999999929
1.3177106666666987
1.316552333333372
1.3177366666667087
1.3168286666667277
1.3179303333333034
1.3149916666667045
1.3166406666667474
1.3173106666666476
1.357076999999966
1.3166573333333722
1.3153716666666544
1.3164546666666865
1.3173280000000127
1.3169423333332968
1.316667333333347
1.3165796666666363
1.3162580000000617
1.3162620000000516
1.3180830000000392
1.3278946666667555
1.3152976666666898
1.3172546666666374
1.3174836666667034
1.3153809999998884
1.315337333333294
1.3443033333333763
1.319071666666711
1.316787333333347
1.3140000000000025
1.3151116666667046
1.3154933333333552
1.3154033333333548
1.3145869999999984
1.3297900000000027
1.3145436666666228
1.3144420000000232
1.3158116666666804
1.3154463333332842
1.316297666666666
1.3142430000000331
1.317190333333277
1.316267666666666
1.3174203333333026
1.330730666666644
1.3502923333333001
1.3168306666667224
1.3334919999999784
1.316438666666727
1.3168523333332967
1.3177583333333587
1.31527066666672
1.317633333333409
1.3151510000000144
1.31585366666665
1.3150333333333795
1.3537846666667217
1.3151429999999587
1.3151100000000042
1.3186613333333146
1.3919126666666368
1.3383660000000266
1.3176456666666734
1.3180273333333237
1.3163419999999253
1.3145263333332573
1.3180790000000495
1.3186963333334158
1.3216289999999542
1.318785666666675
1.31591333333328
1.3230273333332814
1.3156909999999393
1.317425333333328
1.3163783333332806
1.3164143333333413
1.3172043333333172
1.3163279999999606
1.316210333333326
1.3169293333333676
1.3151876666666644
1.3146993333333132
1.3148943333333136
1.3400323333333592
1.3133223333333415
1.3425126666666831
1.3129500000000767
1.313732666666662
1.3144319999999727
1.3179263333333135
1.3486383333333833
1.317724666666739
1.3234936666666879
