Results for SA_pub_sign - 500:
3.0152259999999997
4.059243
4.080101999999999
2.993635000000001
3.814078000000002
3.4686619999999984
3.549696000000001
4.027653000000001
3.460239999999999
3.0024950000000032
3.042384999999996
3.0661849999999973
3.0133770000000055
4.059049000000002
4.260421999999998
3.0102480000000043
3.5964170000000024
3.6195480000000018
3.6385659999999973
3.0082709999999935
3.0112100000000055
2.9961799999999954
3.8510470000000083
3.015862999999996
3.392474000000007
3.769103000000001
2.9903899999999908
3.000144999999989
3.0075360000000018
3.065612999999985
3.0028310000000005
3.005785000000003
3.861356999999998
3.278193999999999
3.596255999999997
3.366720000000001
3.052312999999998
3.4572099999999892
3.6163980000000038
3.07842500000001
3.4569130000000143
3.5451080000000275
3.069274000000007
3.015496000000013
3.5970550000000117
3.0434210000000235
3.0080709999999726
2.9919620000000293
3.034171999999984
3.9357480000000185
2.994821999999999
3.062784000000022
3.7649140000000045
3.340976000000012
3.676757000000009
3.0140870000000177
3.651766000000009
3.118423000000007
4.070962000000009
3.0428629999999828
3.0458849999999984
4.063362999999981
3.021649999999994
3.0533329999999808
3.0240790000000004
3.012264000000016
3.049030999999985
3.0821689999999933
3.598569999999995
3.07123500000003
3.5217839999999683
2.999137999999988
3.6302619999999877
3.6223909999999933
3.595698999999996
3.081688000000014
3.0594930000000318
3.474386999999979
3.049041999999986
3.5927580000000034
3.668715999999961
3.0492040000000316
3.0136099999999715
3.0006669999999644
3.5972469999999817
3.717757000000006
3.5997880000000464
3.060094000000049
2.9977909999999497
3.600874000000033
3.6109329999999886
4.122302999999988
3.0058480000000145
3.12579199999999
3.4564410000000407
3.6825190000000134
3.032791999999972
2.999198999999976
3.7119010000000117
2.99842000000001
3.007537999999954
2.9924610000000484
3.5945970000000216
3.910734999999932
3.2177860000000464
3.0167579999999816
3.454334000000017
2.99532099999999
3.0577670000000126
3.592491999999993
3.6129250000000184
3.080517999999927
2.9937269999999785
3.0157279999999673
3.6154849999999783
3.614573000000007
3.6431499999999915
3.0184719999999743
3.1461510000000317
2.997875000000022
2.993443999999954
3.5717920000000163
3.2679299999999785
3.681117000000029
3.032134000000042
3.001500999999962
3.0236150000000066
3.0074839999999767
3.4609479999999735
3.0287099999999896
3.062801000000036
3.029421999999954
3.0192650000000185
3.001521000000025
3.6116890000000126
3.5985959999999864
3.053795999999977
3.0294280000000526
2.9916729999999916
3.6068730000000073
3.142505999999969
3.5973109999999906
3.058848000000012
2.993767999999932
3.258119000000022
3.59829400000001
3.0049029999998993
3.0255640000000312
3.5227179999999976
3.0288190000000554
3.6009070000000065
2.9993929999999978
3.0313689999999838
3.022233999999969
3.0186370000000124
3.0221959999998944
3.0159810000000107
3.0329400000000533
3.015109000000052
3.188062999999943
3.290053000000057
3.5143050000000358
3.0184329999998454
3.0040610000000925
3.074583999999959
3.6179180000000315
4.064253000000008
3.018051000000014
3.070709000000079
3.0108200000000807
3.6642349999999624
3.5972620000000006
3.001541999999972
3.5251799999999776
2.994731999999999
3.017063999999891
3.593876000000023
3.259277999999995
3.3153399999998783
3.0340940000000955
2.997981999999979
3.086936000000037
3.579466000000025
3.564814999999953
3.0070009999999456
2.9942570000000615
3.022425999999996
2.9949819999999363
3.8723999999999705
3.51218700000004
3.4284169999999676
3.610455999999999
2.998974999999973
3.007836999999995
3.314841000000115
3.1073589999998603
3.017253000000096
3.5973489999998947
3.0888740000001462
3.4144880000000057
3.430520999999999
3.0182349999998905
3.627709999999979
3.5955350000001545
3.062255999999934
3.4674509999999827
3.1889249999999265
3.013380999999981
3.5981140000001233
4.041459000000032
3.0813749999998663
2.9940460000000257
3.1586220000000367
3.033547999999996
3.612659000000008
3.25286600000004
2.9926130000000057
3.9002400000000534
3.8791700000000446
3.3977579999999534
3.006225000000086
3.6079310000000078
3.057717000000025
3.595809000000031
4.061402000000044
3.4815799999998944
3.1632840000000897
3.0095249999999396
3.0436310000001185
2.995734000000084
3.2943939999998975
3.5295099999999593
3.0109110000000783
3.253360999999927
2.9967680000000883
3.3336060000000316
3.862877000000026
3.3318970000000263
3.63116100000002
3.595395000000053
3.2447969999999486
4.099099000000024
3.8356500000001006
3.5880560000000514
3.6297399999999698
3.4818129999998746
3.001296000000025
2.995541000000003
3.0137680000000273
2.9948439999999437
3.0799240000000054
3.4736349999999447
3.505453999999986
3.014989000000014
3.5971289999998817
3.521143000000052
4.001229999999964
3.0853250000000116
3.0112719999999626
2.994493000000034
2.9960379999999986
3.408680000000004
4.1179019999998445
3.2528230000001486
3.0006779999999935
2.997829999999908
3.6115550000000667
3.0630370000000084
3.1425619999998844
3.006336000000033
2.997172999999975
3.616894000000002
3.454776000000038
3.034997999999973
3.0185860000000275
3.0662589999999454
3.020805999999993
3.135947999999985
3.5026530000000093
3.020641999999839
3.003699000000097
3.676760999999942
3.4651620000000776
2.994603999999981
3.012293999999997
2.9975509999999304
3.598918000000026
3.47319600000003
3.550160999999889
3.0294639999999617
3.33171399999992
3.635011000000077
3.0195209999999406
4.059360999999967
3.109856000000036
2.9987089999999625
3.4605730000000676
3.6074250000000347
3.5971379999999726
3.0152310000000853
3.4785889999999426
3.0012229999999818
3.4787109999999757
3.6866099999999733
3.2379430000000866
3.0121880000000374
3.5090079999999944
3.0154890000000023
2.995863999999983
3.6353970000000118
3.6126819999999498
3.671577999999954
3.068090000000211
3.0044119999997747
3.380815999999868
3.6651080000001457
3.6106810000001133
3.008481999999958
3.0465580000000045
3.1815670000000864
3.5340479999999843
3.01189700000009
3.0074150000000373
3.2846790000000965
3.0029089999998178
3.488976999999977
3.003998000000138
3.0139110000000073
3.1004140000000007
3.003720999999814
3.6131360000001678
3.0853319999998803
3.885099999999966
3.034693000000061
3.045969000000241
3.479609999999866
3.2793189999999868
3.2454870000001392
3.01410299999975
3.0012880000001587
3.0444430000002285
3.019898000000012
3.4149039999999786
3.060120000000097
2.999496999999792
3.6014279999999417
3.059132999999747
2.9987140000000636
3.129822000000104
3.003783999999996
3.2686200000000554
3.0179780000000846
3.3717229999999745
3.3324259999999413
3.4897809999999936
3.0128340000001117
3.0144940000000133
2.9962349999998423
3.000393000000031
3.0533939999997983
2.9970220000000154
3.01284899999996
2.9946879999999965
2.9966640000000098
3.011650000000145
3.5636449999999513
3.05099099999984
2.991414000000077
3.5943419999998696
3.043239000000085
2.993186999999807
3.4581900000000587
3.0155740000002424
3.5944640000000163
3.135518999999931
2.9985350000001745
2.9994759999999587
3.4843009999999595
3.594796999999744
3.6101860000001125
2.994459000000006
2.9954240000001846
3.0099639999998544
2.996862000000192
3.005087000000003
3.598410000000058
3.530813999999964
3.0104369999999108
3.457879999999932
3.6002220000000307
3.4028599999999187
3.0433170000001155
3.4782379999999193
3.519651000000067
3.008307000000059
3.528446000000031
3.049562000000151
3.621804000000111
3.557226000000128
3.055176000000074
3.0358729999998104
3.251901000000089
3.0063829999999143
3.1164799999999104
3.6781459999999697
3.0255549999999403
3.357060000000047
3.770435000000134
3.021109000000024
3.4832260000000588
3.4851390000001174
3.512895999999955
3.002920000000131
3.1629909999996926
3.0205559999999423
3.3656129999999393
3.0345910000000913
3.0396049999999377
3.064669999999751
3.6344930000000204
3.3642999999999574
3.0200110000000677
3.6464920000000802
3.542092999999795
3.597443999999996
2.9948049999998148
3.4727710000001935
3.1039810000002035
3.179433999999901
3.6422500000001037
3.018760999999813
3.0539110000001983
3.1720550000002277
3.0057379999998375
3.620740000000069
3.2585099999998874
3.6154650000000856
3.738265000000183
3.4412859999997636
3.3851449999997385
3.043070999999827
3.0244829999999183
3.003642000000127
3.3155390000001717
3.0259620000001632
3.0430609999998524
3.0089090000001306
3.5961789999998928
3.4012290000000576
3.0300599999998212
3.0732219999997596
3.001265999999987
3.018246999999974
3.1019619999999577
3.593973000000233
3.0313099999998485
2.9962729999999738
3.4986600000002
3.192794000000049
3.0506870000001527
3.0335110000000896
2.9917829999999412
3.3401159999998526
3.001706000000013
3.039051999999856
3.696028999999953
3.040721000000076
3.053442000000132
3.0067330000001675
3.041305000000193
3.6957040000002053
3.00611600000002
3.0649029999999584
3.007231000000047
3.042123000000174
3.651828000000023
3.0018520000003264
3.2011469999999917
3.4992220000001453
3.666502000000264
3.5618469999999434
3.0460400000001755
3.0011540000000423
3.0139580000000024
3.006602000000157
3.6643369999999322
2.998055000000022
3.005033999999796
3.14305800000011
3.6526850000000195
3.150982999999769
3.029059999999845
3.6972739999998794
3.4166559999998753
3.4358700000000226
3.507153000000244
3.0173399999998765
3.0118580000000748
3.619487000000163
3.421036999999842
