Results for SA_sym_keygen - 500:
0.049055716666666666
0.05056068333333333
0.05459853333333335
0.04969451666666665
0.049153066666666675
0.049233349999999974
0.04916781666666671
0.050698216666666636
0.049156200000000004
0.04915158333333327
0.049310349999999954
0.04918318333333325
0.04921979999999995
0.049250099999999956
0.049261816666666645
0.04932493333333324
0.0493734666666666
0.04938351666666657
0.04934811666666666
0.04934585000000004
0.04930129999999989
0.04929890000000002
0.04928169999999999
0.04923800000000019
0.049306433333333406
0.04930188333333328
0.0493176666666668
0.050903350000000104
0.04923068333333328
0.04937348333333323
0.04931673333333298
0.04922503333333358
0.049122349999999905
0.05009406666666673
0.04926283333333335
0.04938609999999978
0.04935179999999993
0.049373433333333355
0.04945135000000012
0.04942394999999991
0.04925986666666683
0.05683283333333335
0.04923991666666628
0.04931208333333359
0.04938211666666632
0.04932084999999991
0.049306633333333134
0.04953526666666713
0.049387600000000025
0.04936946666666699
0.051001349999999945
0.04929125000000027
0.05012566666666676
0.049280883333333254
0.04936813333333371
0.04932423333333323
0.05073084999999983
0.04942009999999992
0.049457283333333636
0.049310883333333305
0.04921836666666669
0.04930306666666695
0.04929386666666696
0.04931758333333297
0.04936253333333411
0.04941146666666659
0.049349716666666175
0.04933573333333309
0.049246100000000105
0.04928900000000027
0.049336066666666525
0.049289483333333335
0.049290349999999705
0.04935471666666634
0.04928303333333351
0.053429100000000555
0.04922328333333373
0.04934803333333378
0.049344333333333164
0.04949514999999991
0.04925758333333382
0.04929480000000031
0.04933391666666675
0.049362333333333674
0.04934401666666635
0.049323449999999505
0.049330683333334
0.05114561666666664
0.04942246666666582
0.04939765000000022
0.05093843333333344
0.04927766666666666
0.05056386666666697
0.04939149999999965
0.049352149999998575
0.049220549999999245
0.0493780166666672
0.04991025000000017
0.04930885000000084
0.04930905000000033
0.049317650000000414
0.049332083333333304
0.04930665000000071
0.05297083333333414
0.04921796666666675
0.049368683333332795
0.04935745000000035
0.04928786666666743
0.04918789999999926
0.04940925000000031
0.05417993333333394
0.04930110000000051
0.04934271666666632
0.05054706666666675
0.04932709999999929
0.04938638333333264
0.04921201666666661
0.049205166666666855
0.04921958333333312
0.0493677999999998
0.04918223333333458
0.04929385000000082
0.04915965000000047
0.049407016666665984
0.049360200000000035
0.04937468333333186
0.04929180000000031
0.049421566666667145
0.04929379999999999
0.049384599999999064
0.04947031666666628
0.049296300000000313
0.049360166666665845
0.04943806666666717
0.04945263333333306
0.049342850000000264
0.049354933333332456
0.049424416666666575
0.04942241666666689
0.04933238333333349
0.0506583166666663
0.049913083333332976
0.04935441666666615
0.049377866666667575
0.04983126666666635
0.04934454999999976
0.04940311666666541
0.05007888333333312
0.04937859999999906
0.04930946666666595
0.0492684666666662
0.04944335000000043
0.050077916666666056
0.049515433333333664
0.049379700000000075
0.04935636666666786
0.049359233333332975
0.049205983333333356
0.04932563333333443
0.0493984500000001
0.049332200000000624
0.049366183333333424
0.04937011666666725
0.049318216666666595
0.04933514999999981
0.049382616666666004
0.04938346666666575
0.049283083333332915
0.04926884999999952
0.04930523333333383
0.04941141666666719
0.04925946666666713
0.04929994999999962
0.04934473333333358
0.04941070000000044
0.04925261666666643
0.0493349333333318
0.04933561666666719
0.04929733333333388
0.049353000000000216
0.0492697666666686
0.04935368333333372
0.049391849999998766
0.049428233333333085
0.04934431666666607
0.049390566666666774
0.04941515000000246
0.04937715000000177
0.04926854999999932
0.049404566666667434
0.049427416666666585
0.04945921666666588
0.04946436666666614
0.04945728333333553
0.04937858333333338
0.04937381666666738
0.04931156666666918
0.05096826666666819
0.04964903333333268
0.04935221666666697
0.04937850000000026
0.049456533333331734
0.0493860166666669
0.04951493333333398
0.04952773333333387
0.049425299999999575
0.04948635000000081
0.05126243333333302
0.0493764166666665
0.05064735000000079
0.04936801666666687
0.049278999999997575
0.04938351666666752
0.0493985500000008
0.0493994333333338
0.04938083333333339
0.049408100000001315
0.0492786833333336
0.04933851666666745
0.04934180000000007
0.04940351666666629
0.04948971666666656
0.049490866666667445
0.04961703333333389
0.049174116666667565
0.04928190000000162
0.05110296666666727
0.0492701666666657
0.05046790000000101
0.05353463333333366
0.052771166666669464
0.049471083333332895
0.04930538333333251
0.04935893333333372
0.05158646666666679
0.05957021666666643
0.04917560000000094
0.050506899999999175
0.049801600000000695
0.05554238333333312
0.05621441666666555
0.04926313333333307
0.052590266666667655
0.04924501666666667
0.05250568333333377
0.05588198333333215
0.04924986666666579
0.04945018333333261
0.04932881666666731
0.04926783333333447
0.049308866666664626
0.0508568500000005
0.049347149999999826
0.049303533333333385
0.05022911666666611
0.049434583333332206
0.04938985000000002
0.04925995000000019
0.04929728333333211
0.04956123333333266
0.04936004999999947
0.049349866666667214
0.04933570000000221
0.04920484999999909
0.04932733333333014
0.04921268333333539
0.04915189999999825
0.049141316666667004
0.04899548333333428
0.04911498333333384
0.04909834999999892
0.049127216666666605
0.04910541666666859
0.049156583333333025
0.049222033333332624
0.049292099999998604
0.0490548833333321
0.050547199999997856
0.049131666666668634
0.049262249999998176
0.04925903333333205
0.04910823333333383
0.049156050000001034
0.049404833333333426
0.049040366666666085
0.04915886666666627
0.049291283333334
0.0491689000000008
0.04963711666666768
0.04912958333333298
0.0497104166666683
0.049262199999998306
0.04927326666666734
0.04912606666666761
0.05216916666666596
0.04918504999999982
0.049093766666665796
0.051650416666666386
0.049239533333332024
0.049375233333332366
0.04981044999999919
0.05165864999999977
0.04916975000000055
0.049243600000001685
0.049281266666666095
0.05170788333333197
0.049205333333334995
0.04930765000000103
0.04917756666666833
0.04931074999999889
0.04930563333333377
0.049374549999998865
0.05362046666666628
0.04994696666666603
0.04912988333333222
0.049208266666666604
0.049305099999999887
0.049256566666665925
0.04931420000000154
0.049944166666665527
0.04930309999999925
0.04919701666666659
0.049253866666668956
0.04921428333333324
0.04933565000000044
0.04919971666666735
0.04999954999999924
0.04927475000000072
0.04928240000000035
0.04921373333333463
0.04926788333333244
0.049628766666666026
0.049295433333333
0.049357099999999335
0.04923508333333378
0.049301699999999
0.04930181666666726
0.04925235000000043
0.04934606666666733
0.049200250000001236
0.04918291666666619
0.04924310000000105
0.04912785000000024
0.04942605000000147
0.04919291666666747
0.049209733333331465
0.04921619999999696
0.04921624999999873
0.04927236666666961
0.05075738333333296
0.049231233333334026
0.04936085000000124
0.04931456666666539
0.04931546666666691
0.049317433333332404
0.04933925000000272
0.04930001666666613
0.04914753333333313
0.04920278333333196
0.049294400000004165
0.049294633333333115
0.04929485000000114
0.049151066666665126
0.04920631666666774
0.04925821666666556
0.04923676666666476
0.05346684999999904
0.049222183333332246
0.0513860999999982
0.049179916666666185
0.053381150000003194
0.049220150000000254
0.0490674833333325
0.04905333333333601
0.04917068333333342
0.05168020000000221
0.049284766666664835
0.04915733333333492
0.04913296666666914
0.049175349999999673
0.049445283333337406
0.0494442499999991
0.05004118333333736
0.04950406666666823
0.049152899999997626
0.04891375000000077
0.05333386666666608
0.05246356666666543
0.049655950000002724
0.04908623333333253
0.04918783333332991
0.04908819999999802
0.056673300000003715
0.04918289999999767
0.04913298333333008
0.049822633333337765
0.04951241666666419
0.049192716666667975
0.04930396666666562
0.04928891666666383
0.04924600000000131
0.04921263333333551
0.04924198333333152
0.050280649999998185
0.04916213333333038
0.05666548333333215
0.04925788333333306
0.04929975000000392
0.0491880999999997
0.04926004999999804
0.04918865000000399
0.04910356666666379
0.04913906666666511
0.049066399999996214
0.04917668333332964
0.04913445000000062
0.04914084999999962
0.04925479999999804
0.04930233333333263
0.049306066666667904
0.04913186666666434
0.04924443333333481
0.04963886666666516
0.04915849999999864
0.04915178333333567
0.04995706666666895
0.049258916666667575
0.04905274999999847
0.049091183333333295
0.04912079999999908
0.04923556666666779
0.04913905000000037
0.0490609500000005
0.049233299999999265
0.049097616666665546
0.04921556666666902
0.04898769999999786
0.049133066666665094
0.04923906666666653
0.04921875000000379
0.049268716666669356
0.04927129999999807
0.04925878333333079
0.04922899999999875
0.04922248333333907
0.04921236666666573
0.04907728333333428
0.04919344999999946
0.04908358333333354
0.049279216666665585
0.04917856666666769
0.049088249999996
0.04914348333333389
0.049154566666667655
0.049420083333332816
0.04910339999999754
0.04911260000000084
0.04912253333333183
0.05011921666666694
0.04921545000000075
0.04918016666666366
0.04949261666666492
0.04914748333333516
0.04969663333333377
0.049177100000000945
0.050800183333334796
0.04916859999999967
0.04908373333333126
0.049211183333329696
0.049310383333329356
0.04918461666666568
0.04927470000000085
0.04921708333333375
0.049250083333333805
0.049129016666662056
0.049703833333334536
0.04915046666666664
0.049875216666669074
0.05091711666666849
0.05029844999999493
0.05022183333333033
0.049348200000000966
0.04921028333333576
0.049568933333330276
0.04907608333333352
0.0496572166666662
0.0490610833333335
0.049107333333336105
0.04911683333333486
0.04919141666666367
0.049163950000001934
0.04917931666666391
0.05134780000000016
0.04906936666666676
0.04922278333333452
0.04911281666666507
0.04913203333333816
0.049104116666668085
0.05208083333333206
0.04928566666666635
