Results for SA_pub_keygen - 500:
135.13308
131.10044000000002
127.70139999999996
122.6276
112.15803999999999
99.22468000000002
118.93823999999995
109.82568
130.69556000000006
116.57228000000003
130.62916
126.96035999999991
117.61600000000016
111.45968000000039
115.89928000000015
139.53363999999965
124.9927199999999
128.80764000000028
125.5256400000002
145.21547999999996
127.01971999999955
147.55616000000032
117.84655999999984
121.97891999999968
135.28048000000013
116.31691999999987
121.96288000000038
101.92131999999958
121.48191999999995
145.4759200000001
108.04715999999985
156.8100800000002
135.3633999999994
116.71284000000014
143.63968
130.6730399999998
137.73259999999993
111.02583999999979
106.36032000000057
134.87408000000016
146.70020000000022
128.62379999999916
104.37632000000008
124.45460000000026
127.04836
121.60048000000074
128.53156000000013
121.16975999999909
128.1138800000008
110.84248000000002
116.25900000000001
121.65564000000018
116.59367999999972
127.91083999999842
117.63360000000034
113.44620000000077
133.2767600000011
98.44216000000074
140.9440399999994
117.87604000000101
140.85251999999969
153.32932000000028
116.45127999999886
128.74891999999932
156.20556000000192
89.1656399999988
112.4174400000004
129.6781599999997
127.01936000000161
138.68935999999962
127.62027999999987
131.7803200000003
122.76792
120.7456400000001
123.32379999999944
105.81272000000013
119.35284000000024
128.28979999999888
100.10407999999984
116.52588000000037
99.6311999999989
134.70215999999937
121.68459999999868
119.10503999999946
149.45427999999993
114.02195999999776
133.71548000000075
105.45740000000023
107.48839999999973
117.91980000000194
123.21491999999807
133.93016000000216
106.01739999999836
137.02604000000065
114.86560000000054
119.0002800000002
134.69875999999886
114.72592000000077
134.72323999999844
106.71967999999879
126.88656000000037
125.49271999999972
128.6573199999998
120.62840000000051
125.25120000000014
111.10708000000159
137.22895999999992
110.67115999999942
107.26040000000239
125.14715999999906
110.28956000000107
117.19624000000067
126.21952000000192
128.59327999999778
129.33996000000207
116.55671999999868
123.01247999999987
140.02939999999853
125.42488000000048
119.92008000000169
98.60963999999967
110.70923999999877
130.07487999999967
140.67127999999911
145.7047599999987
164.92451999999957
123.17215999999917
121.17896000000201
135.36315999999943
122.04131999999845
122.51880000000028
109.66112000000066
122.04291999999896
134.6994399999994
129.74723999999924
126.05940000000146
138.08103999999958
123.28683999999839
114.17619999999943
167.53024000000096
135.69875999999795
116.11055999999962
120.68223999999873
124.53964000000042
134.4270400000005
119.6753200000012
114.38231999999971
162.73627999999917
170.16039999999975
135.77016000000185
132.20467999999983
134.06608000000006
118.41920000000073
134.4754399999988
128.36080000000038
123.87936000000082
111.34255999999823
116.06576000000132
143.42591999999968
121.05703999999832
97.14343999999983
114.45247999999992
150.36027999999988
121.38136000000031
121.20808000000125
144.77768000000196
123.97039999999834
118.641319999997
141.3432799999964
158.38824000000386
116.4505599999984
114.51296000000184
142.08991999999853
105.70859999999357
145.22472000000107
146.8056000000024
121.66987999999947
126.50200000000042
114.2716799999971
150.0517600000012
151.32676000000174
114.10559999999805
152.45715999999902
155.39151999999376
108.94008000000213
115.44252000000142
130.40612000000237
108.5302399999955
99.27636000000348
175.92095999999856
124.54515999999785
144.07364000000143
91.19115999999849
120.36367999999584
127.48896000000515
126.14971999999852
110.09607999999844
109.73552000000382
106.15127999999459
138.75276000000213
104.30584000000181
142.96320000000378
110.71515999999974
108.06423999999879
117.58596000000125
140.5180399999972
132.35228000000006
122.4368000000004
162.6584799999955
123.02463999999873
178.63792000000558
155.7131999999956
136.75196000000142
136.1353599999984
135.92224000000442
104.4379200000003
116.97959999999966
141.4836400000013
132.59095999999772
120.05899999999656
121.83039999999892
144.98328000000583
119.14087999999992
121.63147999999637
139.31976000000304
124.77896000000328
111.67895999999473
108.24808000000303
137.03955999999835
147.73695999999745
117.6071200000024
128.16491999999926
115.40160000000469
137.25500000000466
139.37479999999596
124.14208000000144
168.43272000000525
169.9331600000005
132.95763999999508
134.83368000000155
144.759039999999
143.65663999999924
129.15996000000177
125.03236000000015
138.16115999999965
162.14308000000074
120.66323999999895
148.88860000000022
121.86088000000382
110.55643999999575
172.85187999999835
140.3230799999983
166.5121599999975
174.6578000000045
121.37791999999536
140.61279999999897
138.81595999999718
136.73003999999764
139.82960000000276
118.65895999999793
127.17415999999956
141.16844000000128
101.33515999999872
117.53943999999592
119.97440000000552
148.41987999999674
124.31243999999879
121.99835999999777
127.09547999999812
114.29560000000038
107.8305999999975
134.52728000000207
116.40284000000065
100.80651999999645
121.0457200000019
132.53036000000066
100.89832000000115
129.75780000000213
116.6722400000026
114.11567999999988
133.89356000000134
125.76964000000315
113.2929200000035
118.19156000000021
99.69299999999748
132.30039999999917
118.36668000000373
115.52131999999801
119.13680000000568
135.19240000000082
88.02308000000266
145.92047999999977
119.61851999999908
124.0159999999969
109.84248000000207
107.32504000000063
120.8293599999979
126.78475999999591
110.16908000000058
136.41047999999955
138.83372000000236
109.19244000000162
128.8340799999969
130.9232400000019
126.30523999999696
123.11852000000272
107.61899999999514
136.7332800000031
127.14203999999881
128.84603999999854
102.3832799999991
107.59436000000278
119.83895999999731
121.96356000000378
142.87939999999708
119.62031999999908
126.50659999999789
102.71868000000268
100.71719999999914
116.13468000000012
145.39776000000074
128.1980799999974
113.95112000000154
125.4513999999972
132.37140000000636
133.30880000000434
123.0144399999972
121.45924000001287
132.56372000000738
138.1786799999918
110.50939999999173
110.120280000001
109.71024000000398
135.12612000000445
108.44164000001001
117.40683999999419
126.32231999999932
109.96564000000035
134.03391999999258
125.12987999998587
135.39968000000044
110.14960000000428
147.29459999999563
124.65696000000207
102.53864000000249
149.6411999999964
109.30923999999322
127.26340000000164
124.25851999999395
104.91643999999724
150.391639999998
120.10599999999613
131.0010400000101
116.35708000000704
119.82748000000356
147.03316000000086
140.70075999999062
146.4404000000104
123.2170799999949
113.41768000000229
124.3463200000042
137.57644000000255
120.13132000000041
128.38007999999718
105.61396000000059
114.16479999999865
107.28156000000126
137.28244000000814
109.91955999999846
116.31744000000253
114.67635999999402
116.60624000000098
112.26396000000022
104.31327999999667
131.20567999999366
105.31696000000011
117.81203999999889
121.36427999999796
108.01911999998993
127.52920000000815
104.38852000000225
144.05099999999948
149.6556000000055
110.73704000001271
122.88888000000043
126.21128000000681
109.02203999999983
147.0953599999939
113.49915999999212
105.50323999999819
118.57952000000296
107.07320000001346
114.80544000000009
111.55483999999888
123.34512000000359
127.63479999999616
123.15244000000348
112.75152000000162
108.54167999999845
122.06291999999848
152.66467999999804
100.10648000000401
124.05939999999646
98.12616000000162
123.94556000000193
98.59212000000298
132.9696000000058
119.85147999999754
140.65599999999904
115.53948000000673
120.14787999999498
126.58524000000398
128.60239999999976
145.04867999999988
135.8813999999893
108.62807999999859
125.42091999999683
128.21584000000257
128.63391999999294
132.85899999999856
118.61003999999411
126.71483999999508
125.379039999998
127.53559999999197
103.52735999999823
131.26736000000164
136.9723200000044
100.80968000000212
125.17695999999887
109.59499999999025
144.69884000001002
122.93623999999909
119.88448000000062
109.13663999999699
129.90963999999622
133.24283999999352
112.63719999999012
102.2954000000027
125.97652000000382
110.86063999999169
113.80568000000494
138.24491999998827
113.80627999999888
114.92843999999423
110.8680000000004
120.76611999998931
110.07971999999427
126.11120000000484
116.55256000000918
92.69400000001042
143.6468799999966
112.67880000000332
121.13972000000103
104.4284400000015
115.0229600000057
91.01724000000104
123.90255999999681
106.19724000000133
108.22544000000562
115.089480000006
121.36655999999675
117.17368000000533
113.53312000000187
121.16831999999704
114.1778400000021
102.12587999999414
114.22308000000157
114.09959999999046
123.13443999999436
110.07216000000881
120.213760000006
119.43311999999423
106.24287999999979
144.51159999999618
119.77848000001359
133.422759999994
92.4715599999945
116.64528000000246
121.66835999999421
131.46491999999853
159.81723999999303
98.28219999999419
127.04136000000291
125.56848000001084
117.85035999999309
112.87532000000283
132.84763999999996
132.9620800000066
121.86811999999918
115.47555999999531
114.54835999999887
129.05491999999867
111.4393999999993
121.85360000000401
131.18976000000657
120.06232000000637
152.07480000000032
128.14988000000085
117.69776000000093
150.92568000000028
