Results for SA_sym_decrypt - 500:
0.016683805000000003
0.016950409999999996
0.017168980000000004
0.016742280000000002
0.016723609999999993
0.018487165000000003
0.017302040000000005
0.01689344499999999
0.01670909
0.01931621999999999
0.01739226500000001
0.016712029999999985
0.019308835000000003
0.019338715000000024
0.019444809999999996
0.016821270000000013
0.017756895000000023
0.01679133
0.016798074999999954
0.01938606
0.016819615
0.01908147999999997
0.019338319999999954
0.01936181000000005
0.016818030000000022
0.01713082499999999
0.016827200000000035
0.016763510000000037
0.01933408
0.019023320000000014
0.016696580000000055
0.01935541999999998
0.019055754999999976
0.01677241500000001
0.019311989999999994
0.019507064999999955
0.018130134999999967
0.016731605000000087
0.01671964999999986
0.019327715000000013
0.01933675000000008
0.019343675000000074
0.016766739999999915
0.016726810000000113
0.019342974999999995
0.019313609999999953
0.019528430000000013
0.01906159500000001
0.01837371500000003
0.016778089999999964
0.016757445000000076
0.016742825000000038
0.019327834999999995
0.017658045000000015
0.019021714999999946
0.01948754000000008
0.018997650000000022
0.01934003000000004
0.019328495000000032
0.019224614999999973
0.019385329999999926
0.01698763999999997
0.017294499999999997
0.01676845
0.016732410000000045
0.016763215000000005
0.019043869999999997
0.01671824000000001
0.018535260000000022
0.016748209999999944
0.016777455000000004
0.016905425000000064
0.019042824999999937
0.01933920499999999
0.019354304999999954
0.019343250000000013
0.016762744999999767
0.019337335000000167
0.019328615000000014
0.01932904000000008
0.017327400000000066
0.018020904999999914
0.018528765000000075
0.016974969999999985
0.01678430999999989
0.019331860000000062
0.017650000000000148
0.017839904999999875
0.016757655000000114
0.018920755000000043
0.016855515000000026
0.01669538999999986
0.01932874499999997
0.016680154999999957
0.018976279999999974
0.016678815000000215
0.016707494999999996
0.017636310000000037
0.018126464999999998
0.016940414999999973
0.016893975000000123
0.01669125999999977
0.016689005000000066
0.01773522999999983
0.016667735000000048
0.018270694999999934
0.01714233500000006
0.01887690499999991
0.016691964999999982
0.01665699499999988
0.01726872500000013
0.019285045000000025
0.016972039999999994
0.016711494999999844
0.01699147000000011
0.01704562500000009
0.01932715999999999
0.01672072500000013
0.016681145000000015
0.019317254999999988
0.017664805000000002
0.016727135000000146
0.01672845499999994
0.016734674999999866
0.019494160000000135
0.019027670000000114
0.019652089999999872
0.016785105000000158
0.019396150000000032
0.016772390000000144
0.019372144999999816
0.016969529999999792
0.017802555000000095
0.017534645000000067
0.01933270999999991
0.01679857999999996
0.0190501949999998
0.016790824999999926
0.016929219999999814
0.019453604999999926
0.01703236000000004
0.018112624999999983
0.016882295000000058
0.01687660500000021
0.01958838000000014
0.01685011499999973
0.016828194999999938
0.019362995000000185
0.019397984999999947
0.016788174999999798
0.018546225000000048
0.01698618500000009
0.01681433000000027
0.019098789999999897
0.017756274999999846
0.016851389999999924
0.01938993000000039
0.016826004999999783
0.016855185000000005
0.01697915000000023
0.016833370000000514
0.01677587000000017
0.01938084500000002
0.019056549999999676
0.016785820000000055
0.016809129999999756
0.019342039999999654
0.016937815
0.0174294100000003
0.016806124999999953
0.016836000000000125
0.017437159999999497
0.016802925000000073
0.019391904999999952
0.019299765000000094
0.019340275000000132
0.019202170000000365
0.019037215000000177
0.018502569999999992
0.01748106499999949
0.016908369999999878
0.019046069999999984
0.020402994999999466
0.019342880000000378
0.016781460000000265
0.016766319999999838
0.016777624999999716
0.01784312
0.016731939999999668
0.016766470000000026
0.01673385499999995
0.019340109999999983
0.016781060000000136
0.01675855000000013
0.01681425999999988
0.018275639999999954
0.01730481999999995
0.01678771499999982
0.019387500000000273
0.01906497999999999
0.019369345000000066
0.019060235000000033
0.016812855000000012
0.016818910000000076
0.017285835000000135
0.016801505000000248
0.016812790000000178
0.016802000000000136
0.019077684999999747
0.016821839999999498
0.01679157500000031
0.019370445000000132
0.016958045000000085
0.016984690000000458
0.01700984500000004
0.01915452000000016
0.019595380000000093
0.019107285000000047
0.019084965000000124
0.019381740000000036
0.019110560000000304
0.01676166500000022
0.017218094999999496
0.019552830000000087
0.016752149999999803
0.01730935499999987
0.016983299999999986
0.01676108499999998
0.018546589999999696
0.019037539999999922
0.01688607499999989
0.01909095499999978
0.016769530000000258
0.018168239999999967
0.017203609999999685
0.01677728000000002
0.016804730000000063
0.016798374999999623
0.017916554999999904
0.019315489999999616
0.017258630000000042
0.017026025000000115
0.016841605000000186
0.01684197500000039
0.01937921000000017
0.019121294999999917
0.01920005500000002
0.016753254999999852
0.01944242000000031
0.01845871999999986
0.01870889000000034
0.016830769999999686
0.016865134999999896
0.017417500000000245
0.019139034999999468
0.017757480000000214
0.019170885000000342
0.01685957999999971
0.018684400000000212
0.01680421000000024
0.01679371000000003
0.017288174999999913
0.016837505000000304
0.019120530000000146
0.01941271000000029
0.01909525500000029
0.019096794999999816
0.019106459999999856
0.016855955000000335
0.016831849999999805
0.01924476000000027
0.017392005000000384
0.017344815000000152
0.01867880499999956
0.018878629999999817
0.016732485
0.019000619999999913
0.01673896999999954
0.016739769999999793
0.019343335000000367
0.016913019999999505
0.016732039999999983
0.016761820000000396
0.01932702500000005
0.019010880000000157
0.01671429999999987
0.016755584999999656
0.019096435000000158
0.016746590000000196
0.017078250000000707
0.017526064999999563
0.016805345000000218
0.01954065499999956
0.019086525000000167
0.019732680000000755
0.01906448999999952
0.018365909999999985
0.019347660000000814
0.0180165999999997
0.016735334999999622
0.01713194999999928
0.017323425000000725
0.020695745000000442
0.019299419999999828
0.016868494999999938
0.01674274999999966
0.016729664999999158
0.018297559999999748
0.01905885000000012
0.017566140000000133
0.021028609999999618
0.019046094999999923
0.019562465000000202
0.016846859999999426
0.01679407500000025
0.01670755000000099
0.01877783000000022
0.017145775000000186
0.019074024999999894
0.018982070000000704
0.019003599999999777
0.01672226000000023
0.016716019999998933
0.01697471500000006
0.018929914999999936
0.021120855000000344
0.018744195000000446
0.01872662499999933
0.019099679999999356
0.019389899999999897
0.019117044999999278
0.01686467999999991
0.018961910000000443
0.01681334499999934
0.01908181499999955
0.019851959999999735
0.021085664999999382
0.018772249999999532
0.01869688999999994
0.017971935000000487
0.01691823999999997
0.01672674499999971
0.019325754999999844
0.01675901999999951
0.016725950000000014
0.01900527000000011
0.019015570000000252
0.020999644999999418
0.01699147499999981
0.016692279999999754
0.02031038999999964
0.016697080000000142
0.016761285000000046
0.019359584999999697
0.017801895000000057
0.019150435000000243
0.019138924999999744
0.01916201499999943
0.01917775000000006
0.01688607499999989
0.020921839999999747
0.020219695000000683
0.016823329999999713
0.01789472499999988
0.018371480000000703
0.016891749999999775
0.017381595000000513
0.01683546999999976
0.01914083000000005
0.01913456499999938
0.016856545000000552
0.019141740000000025
0.021473105000000034
0.016837134999999535
0.018833835000000364
0.01831944000000021
0.019056694999999308
0.01723689000000036
0.016852499999999965
0.01940103499999964
0.01908735500000034
0.016809294999999336
0.019103625000000193
0.01912661000000071
0.016833149999999932
0.016834364999999706
0.019148655000000188
0.016823520000000373
0.019102664999999207
0.021442939999999452
0.016822885000000266
0.019098574999999302
0.0168227550000006
0.016785955000000286
0.01908416500000044
0.02110362000000009
0.019098650000000817
0.01677301499999999
0.01756623500000046
0.018521685000000614
0.018816855000000035
0.016822804999999334
0.019440819999999803
0.016830009999999902
0.019294330000000175
0.016857864999999493
0.016685995000000276
0.01752783999999906
0.01709376499999962
0.016685694999999896
0.019402350000000297
0.01902194500000064
0.019281334999999445
0.01677097500000059
0.01666693499999951
0.01671675499999992
0.01671760500000005
0.016719345000000205
0.02100680500000067
0.016733209999999873
0.017595739999999298
0.01896983500000033
0.01898695500000031
0.016671259999999393
0.019030535000000556
0.021609345000000533
0.019021840000000338
0.01902926999999977
0.016712764999999765
0.01996475499999974
0.02042752500000006
0.017446950000000926
0.018805380000000014
0.0187455900000009
0.016678669999998872
0.019324374999999918
0.01664380000000051
0.016764875000000075
0.01903464999999983
0.021013530000000172
0.01667633500000079
0.0182375449999995
0.018623469999999996
0.016984429999999974
0.019259700000000067
0.01669366000000082
0.019354584999999817
0.016679345000000012
0.019044585000000325
0.019048119999999925
0.019051015000000004
0.02102555000000052
0.017814784999999347
0.018611254999999573
0.018679224999999633
0.017781655
0.01911766499999999
0.01669464500000004
0.016697889999999237
0.01901760500000023
0.016709465000000135
0.016723850000000765
0.018620915000000193
0.01671923500000048
0.016678654999999484
0.0186748549999993
0.019366304999999785
0.016679420000000392
0.019312820000000102
0.018117410000000972
0.01899035000000026
0.019002679999999827
0.02068984
0.01894538499999953
0.01693804499999942
0.01663538499999959
0.016616025000000718
0.01665016499999979
0.01893081000000052
0.016659345000000485
0.016635119999999688
0.020925879999999782
0.01939938999999981
0.016738185000000384
0.01747250000000008
0.016669744999999236
0.016670770000000633
0.019177554999999985
0.01669848000000002
0.019272184999999806
0.018960429999999633
0.01973237499999982
0.01894687500000032
0.018965140000000245
0.01947770500000047
0.018984060000000226
0.0169663300000002
0.01668775500000038
0.01665034999999989
0.016954885000000103
