Results for SA_pub_verify - 500:
0.711666
0.7024809999999999
0.7281044999999999
0.6977832500000001
0.6973595000000001
0.6971412499999996
0.6973122499999995
0.7559374999999999
0.6972895000000001
0.7104159999999995
0.6967042499999998
0.6965110000000001
0.6968522499999992
0.69655925
0.6964890000000015
0.7119599999999995
0.74302475
0.7291085000000006
0.7465420000000016
0.6973754999999997
0.748199249999999
0.7564997499999997
0.7318229999999986
0.6974167499999986
0.697363499999998
0.6971470000000011
0.6974512500000003
0.697262000000002
0.6972635000000018
0.6973010000000031
0.6993395000000007
0.7220749999999967
0.7312869999999982
0.6973960000000012
0.7404824999999988
0.7208269999999999
0.7368522500000019
0.762172249999999
0.6972505000000027
0.6974084999999981
0.6975847500000008
0.7117237499999973
0.7302029999999995
0.7582730000000026
0.7228460000000005
0.7288389999999936
0.7102900000000005
0.7104284999999919
0.7104752500000089
0.7562257499999987
0.7592895000000013
0.7112625000000037
0.73194625
0.7274580000000057
0.7103369999999956
0.7104504999999932
0.7103152500000007
0.7135652500000091
0.7163909999999944
0.7308977499999969
0.7249052499999991
0.7350702499999997
0.710481999999999
0.7105294999999998
0.7122982500000106
0.7260245000000012
0.7120707500000023
0.7662460000000024
0.7658974999999941
0.7935612500000033
0.7664034999999956
0.7661682499999998
0.7666129999999995
0.7659862500000045
0.7664845000000042
0.7664134999999987
0.766569749999995
0.7670650000000023
0.7733794999999972
0.7178474999999978
0.8084115000000054
0.6972472499999967
0.6973552500000011
0.6973729999999989
0.6973389999999995
0.6974340000000012
0.7170604999999952
0.697469500000004
0.7168530000000004
0.6977902499999971
0.6974340000000012
0.6962242500000002
0.6965842500000008
0.6979939999999942
0.6963405000000051
0.6965514999999982
0.6963740000000058
0.7344049999999953
0.7085754999999949
0.6963824999999986
0.6965069999999969
0.6962442500000066
0.6963560000000086
0.696142750000007
0.6961697500000099
0.6965624999999989
0.7831434999999942
0.696327249999996
0.6964067499999942
0.6961582500000105
0.6962414999999993
0.6962757500000123
0.696478500000012
0.6979115000000036
0.6976537500000006
0.6963152499999978
0.6962834999999927
0.6962954999999909
0.7244934999999941
0.6964762500000035
0.6980664999999959
0.6961624999999998
0.6962017500000002
0.6965199999999925
0.7494707500000004
0.6962374999999952
0.6962939999999946
0.7089032499999917
0.6963842499999942
0.6965377500000045
0.7530579999999958
0.6967017500000026
0.7507547499999987
0.7139765000000011
0.6964664999999997
0.6972165000000103
0.6968604999999997
0.697845749999999
0.6977107499999988
0.6965372499999916
0.6963169999999934
0.6966290000000015
0.6967044999999956
0.6964397499999961
0.696600250000003
0.7063315000000046
0.6963350000000048
0.6967387499999944
0.696661000000006
0.6966367499999961
0.6964360000000056
0.6963499999999954
0.779455249999998
0.6966395000000034
0.7233792500000078
0.6965545000000049
0.7208987500000035
0.696230749999998
0.6963712499999986
0.7143002499999938
0.6966450000000037
0.6978124999999977
0.6975024999999988
0.696224749999999
0.696241999999998
0.6966717500000073
0.6965887499999894
0.6963815000000011
0.6979782499999914
0.7042802499999965
0.7102505000000008
0.6966762499999959
0.6967264999999969
0.6967517500000042
0.6966194999999971
0.6965679999999992
0.6963845000000077
0.6968907500000086
0.6965900000000005
0.6961510000000004
0.6965890000000172
0.6964492500000006
0.6964544999999873
0.6966414999999984
0.6968629999999791
0.6978064999999845
0.6978527499999814
0.6976337499999943
0.6968285000000094
0.6974060000000009
0.6968022500000188
0.6966072499999996
0.6966419999999971
0.696331750000013
0.6966532499999971
0.6965754999999945
0.6966302499999983
0.6965485000000058
0.6988542500000108
0.6968487499999867
0.6964904999999817
0.6967019999999877
0.6967002500000206
0.6965404999999976
0.6982467500000098
0.6965409999999963
0.6964367499999753
0.6965545000000191
0.6970660000000066
0.6982280000000003
0.6979294999999865
0.6963922500000024
0.6966830000000073
0.6965624999999989
0.6964345000000094
0.6965832500000033
0.6965484999999774
0.6963279999999941
0.6963149999999985
0.6966119999999876
0.6970455000000015
0.6967217499999947
0.696403250000003
0.6962800000000016
0.6963729999999941
0.6964807500000063
0.6964642499999911
0.6965150000000051
0.6966452500000173
0.7342762499999935
0.6965404999999976
0.6967312499999991
0.6968589999999892
0.6980427499999848
0.6978780000000029
0.6964299999999923
0.6965042500000038
0.6967495000000099
0.6966759999999965
0.6965669999999875
0.696517
0.6962845000000186
0.697006000000016
0.6968229999999949
0.6968014999999923
0.6972277500000246
0.6967607500000099
0.6963697500000023
0.6965272500000026
0.6966314999999952
0.6967750000000024
0.6967410000000029
0.6966762499999959
0.6966257500000097
0.6965615000000014
0.6969392499999856
0.7122557499999971
0.6980382499999962
0.6979722500000207
0.6967977500000018
0.696525749999978
0.704516749999982
0.6965350000000115
0.6973219999999856
0.6968924999999899
0.6965804999999818
0.6967195000000004
0.6968272499999841
0.696745749999991
0.6964759999999899
0.6966584999999839
0.6966067500000008
0.6965552500000172
0.6968342499999949
0.6965649999999926
0.6964902499999823
0.6967514999999764
0.7008585000000096
0.6968712499999867
0.696801999999991
0.6970095000000072
0.6979029999999966
0.6978724999999883
0.6962767500000098
0.6965334999999868
0.6969510000000128
0.6966747499999997
0.696819000000005
0.6962699999999984
0.6964090000000169
0.7318829999999821
0.721772250000015
0.7450554999999781
0.7038905
0.6969452499999989
0.6964905000000101
0.6966032499999812
0.6965234999999836
0.6967452499999922
0.6966045000000065
0.696774750000003
0.6972200000000157
0.6966317499999946
0.6966527499999984
0.6966845000000035
0.6981040000000007
0.698254750000018
0.6968682499999943
0.6966652499999952
0.6964695000000063
0.6966657500000224
0.7015577500000063
0.6966107499999907
0.6968207500000005
0.6967257499999846
0.6967017500000168
0.6966935000000092
0.6966634999999997
0.6964887499999861
0.6967592500000137
0.6970594999999946
0.6967487500000118
0.6967232499999909
0.6964822499999741
0.696668499999987
0.6964274999999986
0.6967229999999915
0.6967499999999802
0.7078242499999874
0.6981317499999875
0.720679749999988
0.6965845000000002
0.711972750000001
0.7035605000000089
0.7194122500000049
0.6965842500000008
0.6968545000000006
0.6967670000000226
0.7095422499999984
0.6965330000000165
0.696906250000012
0.7202819999999974
0.6967290000000048
0.696665749999994
0.7220792500000073
0.6964274999999986
0.7116434999999797
0.7004147500000215
0.7309952500000065
0.6991712500000062
0.762016750000015
0.7295785000000024
0.6968014999999923
0.7444852499999968
0.6981317499999875
0.6967930000000138
0.6967600000000118
0.6972102500000119
0.7183987500000057
0.6967820000000131
0.6967329999999947
0.7062625000000082
0.6969827500000179
0.6992875000000254
0.7007597499999747
0.7297169999999937
0.7368682500000432
0.7154245000000401
0.6969892500000014
0.696828499999981
0.6972427499999867
0.7215517500000033
0.6966732500000035
0.6965727500000298
0.6965567500000134
0.6999237499999822
0.7032597500000293
0.6981180000000222
0.6980080000000157
0.714021750000029
0.7112877499999968
0.6964807500000347
0.6967467500000453
0.6967817500000137
0.6970832499999915
0.6964684999999804
0.6964434999999867
0.6965542500000197
0.6963064999999915
0.6967805000000453
0.6967975000000024
0.6966052500000046
0.6970649999999523
0.6964812499999766
0.6966727500000047
0.7053797500000201
0.6967185000000313
0.6967520000000036
0.6966769999999656
0.6963737500000207
0.6967322499999682
0.6979380000000219
0.6977227500000254
0.6968092500000012
0.6964755000000196
0.6966442500000198
0.6966894999999909
0.6965522500000247
0.6965620000000285
0.6963067499999624
0.6968327499999987
0.6965417499999944
0.6965547500000184
0.6975405000000023
0.6966262500000084
0.6963512500000206
0.6965787500000147
0.6968007500000226
0.6965312499999641
0.696514250000007
0.6967180000000326
0.7281257500000038
0.6965734999999995
0.6966319999999655
0.6968820000000164
0.6977100000000291
0.6979835000000207
0.7111194999999952
0.6964262500000018
0.696356250000008
0.6965139999999792
0.6967547499999682
0.6966944999999782
0.6964664999999854
0.6966112500000463
0.6968117499999948
0.696525749999978
0.6962522499999864
0.6963494999999966
0.6964597500000309
0.6966519999999718
0.6964927500000044
0.7505519999999706
0.7375947500000279
0.6965945000000033
0.6968277499999544
0.6964732499999968
0.7086965000000305
0.8459122499999694
0.6976769999999988
0.697753500000033
0.6968474999999899
0.7324874999999906
0.7090089999999805
0.718266500000027
0.7245007500000042
0.6969719999999597
0.6966447500000186
0.6984504999999785
0.6965280000000007
0.6968687500000215
0.6968427500000303
0.6965059999999994
0.6962857500000155
0.6968212500000277
0.6968385000000126
0.6968779999999697
0.6967705000000137
0.6969447500000001
0.6974587500000098
0.6967992500000264
0.6967137500000149
0.6968165000000113
0.6982039999999756
0.6981162499999982
0.7457845000000134
0.6965485000000058
0.6971259999999688
0.6975367500000402
0.6967015000000174
0.6968632500000354
0.6965680000000134
0.6968174999999519
0.6964352499999791
0.6966499999999769
0.6967300000000023
0.6966332499999908
0.6969114999999988
0.696730500000001
0.7280369999999721
0.7095790000000193
0.6981867499999908
0.6971472500000004
0.8435737499999618
0.697486500000025
0.6968079999999759
0.6972949999999969
0.698300750000044
0.6983880000000227
0.6969472499999938
