Results for SA_mac_sign - 500:
0.020800274999999997
0.01782113
0.01778193
0.017762909999999996
0.017797339999999995
0.017880784999999993
0.01777950499999999
0.018078205
0.01808158500000003
0.017953410000000003
0.017847085000000006
0.017915600000000004
0.019596765000000006
0.017816410000000005
0.01788019500000001
0.018212709999999993
0.018263829999999998
0.018013569999999993
0.01802345500000001
0.01826172999999997
0.018335539999999994
0.01811313499999997
0.017954165000000015
0.020746660000000007
0.017853369999999986
0.020558180000000023
0.017942104999999983
0.017817695000000026
0.018163430000000032
0.01785359999999997
0.01818205999999996
0.01785830500000003
0.018512059999999976
0.019757345000000016
0.020440830000000004
0.017849130000000032
0.01782165500000005
0.018509434999999994
0.017871669999999968
0.017938260000000098
0.017918205
0.01820552500000005
0.0178847549999999
0.017943865000000017
0.017902400000000117
0.020438699999999983
0.020459380000000065
0.017848134999999984
0.018522240000000068
0.01791524999999993
0.017915919999999943
0.017884890000000125
0.017907529999999953
0.018243149999999986
0.017941179999999977
0.01789580000000001
0.018184579999999926
0.017894945000000034
0.01968540499999989
0.018019885000000072
0.01797147999999993
0.017978814999999884
0.018388869999999998
0.018012039999999986
0.018003180000000042
0.0183123599999999
0.01888280999999992
0.01808358999999996
0.01821350499999994
0.01825031999999979
0.017933704999999803
0.017874855000000023
0.01792469000000011
0.01981030000000004
0.017929849999999872
0.018028559999999916
0.018232270000000026
0.01786935
0.017809540000000082
0.01781097499999987
0.018165380000000085
0.02006612000000018
0.01977553499999999
0.017870795000000043
0.01793134000000009
0.017894704999999927
0.01783485999999982
0.019750785000000232
0.01787678999999997
0.019723869999999977
0.018794874999999822
0.01820354000000009
0.0178161750000001
0.01786590000000018
0.018185624999999848
0.019752949999999884
0.019793684999999926
0.018147424999999943
0.01873260500000015
0.019729299999999908
0.01952349499999997
0.01784202499999992
0.017805814999999826
0.017825619999999844
0.018102974999999903
0.017840465000000166
0.01783350000000013
0.01780706500000008
0.019421564999999814
0.01820765499999993
0.017859679999999968
0.017891050000000065
0.01784628499999997
0.018213379999999973
0.018220905000000016
0.01792592500000012
0.01799350000000004
0.01791888
0.018353884999999934
0.019749479999999833
0.017852430000000082
0.01816939999999988
0.01920255999999995
0.019764475000000063
0.01802432500000009
0.01785417999999993
0.018214140000000042
0.017838260000000047
0.01821852999999976
0.017946404999999856
0.018089345000000208
0.017787780000000166
0.019724369999999852
0.019594824999999785
0.01978405500000008
0.01781823000000003
0.019713160000000018
0.017825170000000126
0.019758645000000002
0.017933680000000153
0.018104109999999878
0.019469645000000355
0.017801410000000146
0.01783862499999998
0.017896165000000224
0.018134559999999737
0.020008985000000052
0.019756385000000022
0.017845325000000117
0.01787076000000013
0.01778099499999996
0.017906209999999874
0.01821949000000018
0.017866229999999633
0.017894889999999466
0.01784048999999982
0.01820966500000054
0.01782009499999958
0.01820006499999977
0.018604634999999804
0.02067685499999982
0.017816085000000044
0.020719379999999888
0.020398950000000013
0.01778993000000014
0.017783175000000144
0.018081320000000005
0.01780454500000019
0.01786247500000002
0.017837610000000267
0.01780224499999974
0.020723930000000338
0.01783947000000012
0.017832579999999893
0.0178623749999997
0.020646659999999883
0.017812619999999696
0.01779496999999992
0.018098375000000146
0.018105864999999992
0.017834380000000465
0.01778470000000027
0.01787153499999988
0.017966619999999694
0.020465580000000046
0.01797880500000019
0.020468344999999888
0.017864755000000513
0.02045413499999995
0.017909644999999728
0.017911179999999832
0.017906385
0.0196884799999998
0.01814996000000008
0.018100970000000417
0.01822023999999999
0.01783663499999989
0.01784513000000004
0.017860069999999836
0.017960370000000125
0.017785089999999854
0.017778979999999934
0.018215445000000156
0.018230090000000133
0.019142865000000026
0.01914502500000026
0.01797311000000036
0.017923715000000017
0.018214355000000067
0.01786939000000018
0.01815057999999965
0.018177254999999944
0.017802939999999694
0.017833535000000327
0.017876635000000078
0.01815271999999993
0.01782083
0.01782445999999993
0.020666855000000053
0.01808911500000022
0.017822405000000003
0.02046621000000016
0.02037683500000014
0.017924479999999788
0.020425354999999853
0.018725450000000022
0.020445925000000215
0.018142850000000408
0.017862210000000118
0.01795048500000007
0.017818859999999857
0.018102705000000018
0.01782647499999996
0.017880250000000045
0.017929814999999964
0.01904058999999961
0.018232075000000236
0.020424809999999523
0.020431465000000343
0.01988889000000029
0.020691449999999917
0.02047467499999982
0.020409000000000222
0.020725945000000367
0.01776431500000001
0.020387849999999614
0.01776990500000011
0.01781429000000003
0.02038684499999988
0.017794724999999973
0.017856434999999917
0.017845969999999624
0.019743809999999938
0.017782460000000243
0.017972910000000297
0.0178653300000002
0.020678624999999895
0.01777804500000002
0.017821654999999624
0.018149045000000114
0.01784921500000053
0.017821999999999887
0.018153525000000174
0.02047899500000028
0.018228510000000142
0.019350339999999733
0.01781069000000002
0.017799224999999978
0.02136419500000045
0.017831509999999752
0.018132175000000077
0.019890809999999988
0.018460585000000265
0.02069165499999997
0.020620214999999577
0.020511844999999765
0.019824009999999816
0.020437829999999622
0.018168145000000777
0.02079915000000028
0.020505110000000288
0.018453944999999975
0.01847832500000095
0.02046619000000078
0.02046538999999939
0.018834140000000162
0.01817800000000034
0.020741184999999402
0.018146434999999884
0.017833699999999907
0.01782228000000032
0.019490555000000995
0.020068075000000362
0.01915929500000061
0.01793113000000062
0.019215259999999713
0.021280160000000024
0.01976623000000018
0.018201659999999717
0.01833440499999938
0.02127394000000095
0.02072478499999988
0.017859664999999723
0.018211425000000645
0.018192165000000385
0.02041114000000107
0.020485654999999953
0.018216505000000327
0.020504755000000614
0.01912918999999988
0.01805804500000022
0.018090029999999615
0.017740535000000363
0.02038464499999918
0.018647434999999175
0.02068439499999954
0.020585600000000568
0.019703395000000228
0.01820975999999973
0.01812403000000131
0.017795614999999997
0.01884469999999965
0.017880354999999782
0.018124404999999795
0.018150779999999714
0.01906304500000033
0.02037526500000013
0.017795990000000754
0.018130345000000717
0.02048524499999985
0.017871054999999386
0.02068659499999967
0.02047372999999993
0.0197235749999993
0.02037375999999995
0.01780157499999973
0.02040441499999929
0.018746304999999665
0.018062625000000023
0.019945249999999533
0.017825814999999922
0.018100054999999886
0.018158264999999573
0.01779629
0.01969516999999996
0.020603419999999914
0.020341989999999442
0.01777178000000049
0.018960909999999557
0.019352930000000015
0.02069028000000003
0.020506339999999453
0.020398054999999433
0.01882908999999927
0.018148119999999608
0.02039119000000028
0.02042175000000043
0.018115730000000666
0.020782715000000278
0.0197503949999998
0.020413214999999808
0.020411410000000386
0.01925999499999989
0.018969804999999267
0.0189704949999998
0.018973604999999907
0.017848060000000034
0.019303370000000084
0.019017724999999926
0.017968479999999544
0.017923359999999774
0.01788972999999942
0.017969564999999646
0.018696065000000317
0.01902107499999943
0.01782831999999985
0.018072019999999613
0.0178462449999995
0.017873660000000197
0.01815892500000018
0.01788786500000015
0.0178738850000002
0.017881065000000262
0.017909875000000283
0.01840385500000025
0.019275730000000522
0.019124545000000808
0.019417170000000396
0.01803030500000091
0.017869745000000423
0.017885195000000065
0.017869715000000494
0.019171704999999976
0.01892708500000026
0.01830424999999991
0.018852095000000874
0.017843934999999648
0.018197659999999588
0.01788065999999958
0.017855675000000702
0.01924525000000017
0.019248235000000023
0.01787093000000027
0.017886555000000044
0.017894394999999577
0.017840880000001107
0.017844669999999497
0.017939470000000027
0.017906810000000634
0.01789869500000009
0.01794714499999941
0.01788827999999967
0.017963495000000194
0.01784430499999985
0.017839915000000702
0.01780486500000052
0.017798420000000304
0.017868550000000597
0.01788765000000012
0.01780354500000044
0.017816619999999832
0.01783616000000052
0.01783339500000011
0.017927249999999048
0.017881659999999328
0.017928830000000746
0.01788306499999976
0.01794477000000029
0.017937504999999875
0.01795836500000064
0.017878930000000536
0.017864299999999958
0.017844744999999877
0.01788929000000053
0.017919299999999794
0.017827865000000432
0.0180660649999993
0.017895549999999504
0.01788972000000058
0.017837919999999483
0.017843450000000306
0.01781773499999986
0.017844655000000105
0.017864060000000563
0.01787529999999947
0.018012639999999466
0.017874045000000935
0.017832989999999427
0.017847749999999676
0.017843199999999795
0.01785143000000062
0.01787838500000021
0.017881720000000316
0.01790148000000045
0.017851129999999105
0.017829600000000025
0.018176480000000765
0.0178538750000007
0.01786307999999963
0.017828950000000534
0.017856065000000854
0.017809594999999945
0.017918015000000193
0.01805102500000089
0.01786771499999986
0.01795353000000091
0.01786598499999968
0.017911790000000566
0.017823154999999816
0.017893265000000158
0.01782872500000053
0.017837220000000115
0.017904290000000173
0.017901370000000725
0.017886925000000244
0.01800175500000023
0.017929074999999555
0.01791780499999959
0.018021810000000187
0.01815404000000058
0.018555445000000646
0.018123604999999543
0.0179660750000005
0.017790334999999685
0.01811015999999995
0.018117990000000646
0.018077529999999342
0.01801731000000018
0.017967664999999897
0.018067254999999706
0.018277320000000825
0.017811785000000097
0.01799463500000002
0.018079480000000103
0.018012579999999615
0.018057850000000143
0.018183870000000296
0.018086029999999483
0.01805408000000057
0.018022795000000542
