Results for SA_pub_decrypt - 500:
3.3391319999999998
3.1187019999999994
3.424201
3.263943000000001
3.328939000000002
3.116745999999999
3.116214999999997
3.1134470000000007
3.1191860000000027
3.1217790000000036
3.1678969999999964
3.1957360000000037
3.115191000000003
3.157353999999998
3.1154299999999964
3.1150639999999967
3.1138349999999946
3.253569000000006
3.123637000000002
3.118113000000001
3.1846940000000075
3.256219999999985
3.1157440000000065
3.1157460000000015
3.119889999999998
3.1187970000000007
3.120213000000007
3.1171489999999977
3.115868000000006
3.116712000000007
3.188338999999985
3.1169340000000005
3.118179000000012
3.1178510000000017
3.3646130000000056
3.1925230000000084
3.239551000000006
3.120661999999996
3.1214630000000056
3.2029430000000048
3.2681570000000306
3.120459000000011
3.3158940000000143
3.4850049999999726
3.119919999999979
3.1193750000000193
3.1163819999999873
3.1181049999999857
3.140453999999977
3.1201670000000092
3.171336999999994
3.1202129999999784
3.217703
3.2414459999999963
3.4475300000000004
3.1192560000000356
3.423461000000003
3.371247000000011
3.1198699999999917
3.1225539999999796
3.1186830000000043
3.1842410000000143
3.1168949999999995
3.144740000000013
3.27109200000001
3.19318100000001
3.1344849999999838
3.1192179999999894
3.1174880000000087
3.4228439999999978
3.5682170000000326
3.4921899999999653
3.116993999999977
3.1495689999999854
3.115132999999986
3.2524270000000115
3.2363449999999716
3.3080770000000257
3.2347099999999784
3.3105919999999855
3.115349000000009
3.304390000000012
3.441003999999964
3.417261000000053
3.3846570000000042
3.145911999999953
3.11794900000001
3.123798000000022
3.1540730000000394
3.157352000000003
3.1220630000000256
3.1205649999999423
3.1760340000000156
3.1160860000000525
3.1181310000000053
3.1198629999999525
3.356883000000039
3.3579730000000154
3.118081000000018
3.1142300000000205
3.117706999999996
3.112556999999981
3.1180120000000215
3.1211809999999787
3.211772000000053
3.1663489999999683
3.44338300000004
3.116087999999934
3.1165129999999976
3.525346999999954
3.287318999999968
3.382370000000037
3.121769000000029
3.1198679999999968
3.117682000000002
3.173253999999986
3.1151179999999954
3.115797999999984
3.119179000000031
3.229444000000001
3.281971999999996
3.184708999999998
3.125405999999998
3.1156819999999357
3.155664999999999
3.295957999999928
3.189293999999961
3.1776849999999968
3.116976999999906
3.1293589999999654
3.117457999999999
3.267208000000039
3.1159190000000194
3.118567999999982
3.117319000000009
3.1138729999999555
3.1203179999999975
3.1187659999999937
3.1187909999999874
3.122353999999973
3.116561000000047
3.1211139999999205
3.116646000000003
3.132863000000043
3.2384930000000622
3.118388999999979
3.1187930000000392
3.11897399999998
3.1170060000000035
3.114067000000034
3.1368170000000077
3.137320999999929
3.11474400000003
3.125161999999932
3.1165229999999724
3.1194830000000024
3.3171030000000314
3.114020000000039
3.1154410000000325
3.120722999999998
3.120420000000024
3.116102000000069
3.1222080000000005
3.1231260000000702
3.1203649999999925
3.117279999999937
3.114765000000034
3.1167199999999866
3.1157909999999447
3.1194790000000694
3.1174140000000534
3.1191460000000006
3.118916000000013
3.1201039999999693
3.115126000000032
3.119617999999946
3.1170549999999366
3.1203369999999495
3.1159830000000284
3.1173809999999094
3.1180830000000697
3.1175610000000233
3.1212900000000445
3.1191969999999856
3.1184520000000475
3.1190880000000334
3.123055999999906
3.1211889999999585
3.1158560000001216
3.119213000000059
3.118686000000025
3.1173459999999977
3.116298000000029
3.117894999999976
3.116473000000042
3.118801000000076
3.117012999999929
3.3157520000000886
3.1218750000000455
3.1206529999999475
3.120013999999969
3.121138999999971
3.118881999999985
3.1207619999998997
3.1569240000000036
3.117522000000008
3.1214160000000675
3.1159609999999702
3.1187960000000885
3.455195999999887
3.1207689999999957
3.123523999999975
3.1178990000000795
3.124413000000004
3.11806799999988
3.1189020000000482
3.11654899999985
3.1178050000000894
3.1181569999999965
3.115238999999974
3.1188659999999118
3.119956000000002
3.1219339999998965
3.1170319999999947
3.1215890000000854
3.1163780000000543
3.1197559999999385
3.2214589999999816
3.1185580000000073
3.12146000000007
3.3145920000000615
3.1189980000000332
3.1185800000000654
3.1199699999999666
3.1286340000000337
3.121996999999851
3.1187929999999824
3.123860000000036
3.1207319999999754
3.2066469999999754
3.190191999999911
3.115742999999952
3.1183090000000675
3.121430000000146
3.2111999999999625
3.176046000000042
3.2562219999999797
3.22157100000004
3.174857000000088
3.1269079999999576
3.1172050000000127
3.1187509999999747
3.121711000000005
3.1188000000000784
3.15887900000007
3.1262559999998984
3.122449000000074
3.11965100000009
3.1266600000000153
3.1210089999998445
3.1190050000000156
3.120542999999998
3.1167860000000474
3.1162239999999883
3.1148909999999432
3.120569000000046
3.1177459999998973
3.113260000000082
3.121381000000042
3.1184200000000146
3.7183939999998756
3.120524000000046
3.117699000000016
3.118374000000017
3.117486999999983
3.1179129999999304
3.1188179999999193
3.1241999999999734
3.2040269999999964
3.1168329999999287
3.119819000000007
3.126260000000002
3.120098000000098
3.189980999999989
3.453721000000087
3.11687900000004
3.12112999999988
3.3532069999999976
3.1211969999999383
3.116569000000027
3.1186380000000327
3.117841999999996
3.1391510000000835
3.1171699999999873
3.1899459999999635
3.11763499999995
3.1216170000000147
3.1201979999998457
3.1181300000000647
3.1253960000000234
3.119344999999953
3.118872999999894
3.121629000000098
3.1154109999999946
3.122050999999942
3.1198610000000144
3.1241940000001023
3.127272000000062
3.1182400000000143
3.1181699999999637
3.1191049999999905
3.1293980000000374
3.120984999999905
3.117155000000025
3.118060000000014
3.1256650000000263
3.1182400000000143
3.1164309999999205
3.116290000000049
3.116845000000012
3.1161469999999554
3.1193960000000516
3.1196970000000874
3.1219389999999976
3.1161599999999225
3.2037340000001677
3.117815000000064
3.1631300000001374
3.1217119999998886
3.119533000000274
3.1228490000000875
3.1205720000000383
3.1212040000000343
3.1553100000000995
3.125325999999859
3.122914000000037
3.1532159999999294
3.1187340000001313
3.1486009999998714
3.116098999999849
3.1420999999998003
3.126470000000154
3.1145389999999225
3.136083999999755
3.134321
3.129689999999755
3.1186749999999392
3.113630999999941
3.119852000000037
3.121119000000135
3.120186999999987
3.119660999999951
3.1955749999999625
3.1258050000001276
3.121249999999918
3.119664999999941
3.1178020000002107
3.1205039999999826
3.120599000000084
3.1167900000000373
3.1158640000001014
3.1159929999998894
3.217486000000008
3.1153770000000804
3.1198519999998098
3.1515290000002096
3.2096910000000207
3.1184220000000096
3.1399290000001656
3.1190710000000763
3.11744799999974
3.1249199999999746
3.1189600000000155
3.119181000000026
3.1184180000000197
3.7131640000002335
3.1221740000000864
3.1180229999997664
3.1180859999999484
3.169591000000082
3.1168579999998656
3.1496980000001713
3.1466989999998987
3.1634009999997943
3.386226000000079
3.1680350000001454
3.1189650000001166
3.146899000000076
3.118019000000004
3.1206150000000434
3.118733999999904
3.1470949999998084
3.12046099999975
3.172403000000031
3.117256000000225
3.1200179999998454
3.12141900000006
3.115632999999889
3.1245719999999437
3.114475000000084
3.1217169999999896
3.1197429999999713
3.1275640000001204
3.122457999999824
3.118046999999933
3.122009000000162
3.1422000000000025
3.118545999999924
3.120877000000064
3.125822999999855
3.1168270000000575
3.119854999999916
3.1160370000000057
3.1201999999998407
3.1197400000000926
3.1202729999999974
3.117527000000109
3.118197999999893
3.14846899999975
3.1162540000000263
3.1236410000001342
3.122242000000142
3.1407910000000356
3.1247629999998026
3.119969000000083
3.2165019999999913
3.12284899999986
3.1207060000001547
3.1222670000001926
3.1185190000001057
3.1207220000001143
3.493923999999879
3.1183730000000196
3.118801000000076
3.114900000000034
3.2146880000000237
3.1170669999999063
3.3607069999998203
3.12022799999977
3.119464999999991
3.122755999999754
3.718360999999959
3.118795999999975
3.117600999999695
3.123354000000063
3.1184220000000096
3.164438999999902
3.123246999999992
3.1203940000002603
3.1244429999999284
3.188384000000042
3.217280999999957
3.123209999999972
3.121947000000091
3.116832999999815
3.1187079999997422
3.117232999999942
3.1202089999999316
3.117343000000119
3.119306999999935
3.123296999999866
3.1194860000000517
3.1192060000000765
3.202257000000145
3.11693699999978
3.118747000000212
3.1237120000000687
3.1192610000000514
3.119644999999764
3.121274000000085
3.1190339999998287
3.1694279999999253
3.1208529999998973
3.1244010000000344
3.1239640000001145
3.1232749999999214
3.1154589999998734
3.1192120000000614
3.1214709999999286
3.119581000000153
3.1183929999997417
3.120674000000008
3.122292000000016
3.1192210000001523
3.1175869999999577
3.1211900000000696
3.1165079999998397
3.118844000000081
3.1176410000000487
3.11553600000002
3.117878000000246
3.1169989999998506
3.119217999999819
3.1308229999997366
3.1414540000002944
3.120802999999796
3.119817000000012
3.2193520000000717
3.1208420000000388
3.1196360000001278
