Results for SA_mac_verify - 500:
0.023004419999999998
0.019939005000000003
0.019180054999999998
0.02184684
0.021073590000000007
0.01953702
0.023481065000000002
0.02213501999999998
0.02096593000000002
0.019950519999999975
0.01943152999999999
0.019379034999999975
0.022040539999999994
0.022664085000000007
0.02344680499999999
0.019015664999999942
0.02152773500000002
0.019004264999999947
0.02092587999999999
0.018988459999999988
0.019031804999999975
0.02402049000000005
0.019590505000000036
0.019103314999999982
0.02345500000000001
0.021644350000000045
0.019036850000000032
0.020907449999999984
0.023565589999999973
0.019155960000000007
0.019124465000000014
0.019665265000000005
0.023573319999999995
0.020996509999999944
0.019493440000000105
0.019028519999999955
0.022608895000000045
0.020967279999999987
0.02044238500000006
0.019030245000000008
0.020352094999999935
0.02339183500000004
0.02155993499999994
0.020930414999999983
0.021020164999999907
0.019099255
0.022027350000000043
0.019233554999999996
0.019034835000000073
0.021774604999999954
0.01934654000000009
0.021540085000000035
0.019750035
0.019028725000000007
0.02332114500000003
0.02076601999999994
0.02384011000000001
0.01898698500000009
0.023445364999999895
0.019063605000000053
0.019205480000000108
0.021507999999999753
0.019267904999999814
0.02190233000000006
0.022814314999999967
0.021344054999999855
0.0216174749999999
0.02099472500000019
0.021627534999999795
0.019046340000000155
0.022319505000000107
0.019088094999999895
0.019037725000000026
0.019922260000000164
0.019064684999999883
0.022036895000000244
0.02175148500000006
0.019088734999999985
0.021618354999999954
0.0201576799999998
0.02163030499999991
0.02104530000000011
0.021021430000000122
0.021533154999999908
0.019050849999999855
0.02153229500000009
0.021374059999999986
0.019360709999999982
0.01971594999999979
0.021504760000000258
0.02229089999999985
0.022214400000000013
0.022074210000000108
0.01899728500000009
0.022557479999999828
0.01906706500000013
0.021961820000000215
0.019275760000000162
0.02148310500000008
0.02148104499999988
0.018972579999999937
0.023302384999999787
0.01901930000000021
0.021871209999999905
0.021533300000000113
0.02347328499999975
0.019463114999999788
0.01898538000000002
0.018976305000000197
0.02086524499999996
0.020237860000000014
0.01898547499999978
0.02091474500000004
0.01957738500000005
0.01901181000000008
0.019000085000000125
0.021537904999999854
0.019952095000000156
0.024740219999999907
0.020326855000000137
0.020406345000000103
0.023530219999999817
0.021455919999999937
0.021473440000000326
0.02257427000000007
0.02006223999999975
0.019841804999999792
0.02009956000000045
0.020149390000000267
0.021531520000000342
0.021540314999999737
0.01988856999999996
0.020984130000000503
0.021522669999999945
0.018932854999999905
0.020861940000000346
0.02090562000000034
0.01901275499999997
0.021277704999999966
0.019034265000000234
0.022127815000000054
0.0216700400000002
0.019581719999999907
0.022755099999999973
0.021200000000000045
0.02058573000000024
0.019056355000000167
0.023501565000000255
0.023557064999999964
0.019040959999999815
0.01902945999999986
0.022788039999999794
0.019660169999999654
0.01899449000000004
0.01899302500000033
0.023129885000000173
0.019107965000000036
0.018995785000000185
0.018982600000000502
0.019352580000000327
0.02171250499999985
0.019223460000000043
0.019591139999999996
0.019041500000000156
0.019024279999999862
0.021522294999999757
0.019032684999999674
0.02250347999999974
0.020027875000000108
0.019026724999999942
0.023579384999999887
0.01956177999999966
0.021606419999999956
0.02312904000000003
0.021890915000000177
0.01908450500000015
0.019031924999999887
0.019059429999999794
0.020985509999999864
0.01904849000000013
0.021729154999999875
0.019078579999999762
0.021404824999999617
0.020968584999999963
0.019732774999999945
0.020268805000000042
0.022827550000000085
0.023435404999999607
0.02090352999999993
0.019835694999999876
0.021448914999999714
0.021573125000000457
0.01945498999999984
0.01921120499999972
0.02323397
0.018995625000000016
0.01903351499999985
0.019122289999999677
0.019180519999999885
0.018951559999999857
0.01901555999999971
0.020924284999999827
0.023524469999999836
0.018968054999999706
0.01898924500000021
0.019087579999999774
0.022123939999999606
0.01896471500000018
0.018950930000000313
0.021945610000000216
0.01895193000000006
0.02149854000000005
0.019204710000000205
0.018948620000000457
0.020292969999999855
0.018986054999999738
0.020678369999999974
0.019058674999999994
0.021705254999999965
0.02035866999999996
0.019168695000000183
0.02152321000000029
0.021730885000000057
0.019046924999999534
0.020541584999999713
0.019090625000000045
0.02166304000000025
0.0216336050000001
0.019002040000000307
0.021510015000000066
0.019135969999999815
0.02158854500000018
0.021269029999999703
0.021575204999999757
0.019078959999999937
0.019071635000000243
0.020801319999999922
0.018970884999999955
0.020225954999999657
0.020294904999999516
0.01901529499999981
0.021630930000000034
0.019241609999999694
0.019085345000000302
0.02190834499999994
0.01901086000000021
0.019238814999999933
0.021843000000000074
0.01912664999999947
0.019925839999999653
0.019206890000000386
0.01903882500000009
0.019481220000000122
0.021490135000000236
0.018980185000000347
0.021579940000000308
0.020726094999999986
0.021244605000000544
0.02222986999999989
0.019721174999999678
0.019590365000000245
0.021098934999999985
0.019871279999999842
0.021815970000000105
0.02080494000000044
0.022291069999999993
0.02110458499999936
0.02158457500000054
0.021680010000000038
0.020776014999999006
0.019028690000000098
0.019385535000000117
0.023133000000000264
0.023207740000000286
0.020671844999999394
0.021509279999999083
0.021024620000000598
0.019017955000000485
0.01924972000000025
0.024849759999999603
0.022268899999999123
0.02101427000000058
0.021541705000000775
0.021225954999999883
0.021325595000000704
0.019281869999999802
0.019045190000000503
0.019076450000000023
0.023164175000000568
0.024180714999999964
0.021210909999999784
0.019113979999999628
0.019314334999999117
0.01903617000000054
0.01905975000000012
0.021229205000000775
0.019014025000000177
0.0212026800000001
0.021168215000000146
0.01898046499999964
0.021211120000000392
0.018969304999999395
0.018948839999999335
0.020559919999999465
0.02152531500000009
0.018976499999999986
0.018966380000000525
0.01962586999999985
0.019108009999999922
0.019050200000000357
0.021310925000000223
0.024080319999999347
0.023463825000000042
0.020212914999999613
0.018967499999999974
0.019330794999999627
0.021199620000001005
0.01895422499999995
0.018915825000000268
0.019760640000000648
0.02141382000000021
0.01885818000000086
0.01979624000000058
0.018959504999999127
0.02151408999999944
0.021236394999999672
0.018985569999999827
0.019032355000000507
0.021509280000000217
0.020626909999999724
0.020968699999999674
0.0197806700000001
0.021564679999999045
0.022973835000001372
0.01967786499999988
0.023233194999999113
0.02096993999999995
0.021196855000000597
0.018891719999999168
0.01897828499999946
0.02083839000000012
0.018939824999999928
0.02315068500000052
0.021231339999999363
0.01900910500000009
0.01892911500000082
0.018969564999999876
0.0212201749999997
0.02123286499999949
0.02119363499999963
0.02122350500000039
0.018950959999999666
0.018942690000000085
0.018966764999998987
0.019027190000000475
0.021274395000000366
0.021778715000000375
0.019054660000000466
0.021289475000000946
0.019235780000000206
0.02155710499999941
0.019204929999999648
0.01911183999999935
0.0215787499999999
0.019033210000000054
0.021222374999999828
0.019022304999999733
0.021292814999999337
0.0191251699999998
0.019095535000000156
0.01983225500000003
0.019022394999999505
0.021179574999999885
0.019181899999999814
0.018968075000000226
0.018960240000000114
0.019020114999999577
0.019017175000000178
0.020877580000000083
0.019043319999999538
0.02323932500000069
0.019558509999999387
0.021458249999999453
0.018924279999999953
0.021186320000000477
0.02122367499999996
0.018974584999999707
0.018942389999999705
0.021342720000000096
0.019051675000000615
0.021463605000000142
0.019023485000000163
0.018999804999999696
0.02128402499999993
0.021268814999999677
0.019021280000000616
0.01901860499999998
0.021191710000000512
0.01897910000000024
0.021305469999999785
0.021265284999999495
0.019083875000000035
0.019634345000000622
0.021312279999999646
0.019112270000000535
0.021298624999999446
0.019033299999999826
0.021273139999999555
0.019137249999999995
0.021565340000000786
0.021528825000000324
0.01906291500000066
0.01919136499999922
0.018970555000000788
0.01935069999999996
0.02127679499999999
0.02152934000000073
0.02288819999999873
0.01893228499999964
0.018978499999999485
0.024383459999999104
0.022316055000000005
0.018903889999999136
0.01897910999999908
0.023260659999999687
0.018966514999999618
0.020706314999999906
0.019688770000000206
0.021216194999999518
0.019445334999999203
0.021535499999999957
0.023232134999999515
0.019047074999999723
0.021387825000000475
0.01903675000000021
0.01900139500000023
0.02232274000000075
0.018997774999999138
0.021219340000000104
0.021255630000000563
0.019026185000000168
0.0191874150000001
0.021644109999999727
0.02150706000000014
0.019000685000000885
0.019042415000000118
0.01945842999999968
0.018997625000000653
0.021230604999999514
0.02072813999999994
0.018902595000000702
0.018888739999999873
0.02114999000000012
0.01891114000000016
0.01895832499999983
0.019107014999999592
0.01902513499999941
0.024215545000000702
0.01902738999999997
0.019057739999999514
0.01904756499999962
0.020807320000000115
0.01906342500000051
0.02127544499999999
0.02124537499999974
0.020612610000000586
0.019071500000000016
0.01904551999999967
0.021216789999999718
0.01930448500000011
0.01903711000000044
0.018986505000000306
0.021501899999999526
0.01917093500000078
0.019029100000000198
0.02134796499999993
0.018965560000000322
0.018939484999999652
0.019317239999999174
0.01921222499999999
0.021279094999999873
0.019109600000000455
0.0214036150000004
0.01905934499999944
0.021536404999999377
0.019170554999999468
0.019004654999999957
0.021250384999999594
0.019165075000000798
0.019279595000000427
0.018975514999999634
0.019017904999999474
0.020475054999999426
0.01902185499999973
0.02033743500000014
0.02210411000000022
0.019483485000000657
0.019187074999999824
0.021477744999999687
0.021992155000000367
